0, 0 128 26322.863943;
1, 170 0 26492.863943;
2, 12190 128 38682.863943;
3, 150 0 38832.863943;
4, 12640 128 51472.863943;
5, 200 0 51672.863943;
6, 2410 128 54082.863943;
7, 260 0 54342.863943;
8, 2320 128 56662.863943;
9, 160 0 56822.863943;
10, 6510 128 63332.863943;
11, 110 0 63442.863943;
12, 60 128 63502.863943;
13, 90 0 63592.863943;
14, 60 128 63652.863943;
15, 60 0 63712.863943;
16, 1350 128 65062.863943;
17, 120 0 65182.863943;
18, 60 128 65242.863943;
19, 120 0 65362.863943;
20, 5100 128 70462.863943;
21, 180 0 70642.863943;
22, 340 128 70982.863943;
23, 210 0 71192.863943;
24, 190 128 71382.863943;
25, 140 0 71522.863943;
26, 16650 128 88172.863943;
27, 130 0 88302.863943;
28, 1690 128 89992.863943;
29, 130 0 90122.863943;
30, 3820 128 93942.863943;
31, 140 0 94082.863943;
32, 3120 128 97202.863943;
33, 110 0 97312.863943;
34, 930 128 98242.863943;
35, 160 0 98402.863943;
36, 7060 128 105462.863943;
37, 140 0 105602.863943;
38, 510 128 106112.863943;
39, 150 0 106262.863943;
40, 4320 128 110582.863943;
41, 90 0 110672.863943;
42, 7680 128 118352.863943;
43, 110 0 118462.863943;
44, 1300 128 119762.863943;
45, 160 0 119922.863943;
46, 22040 128 141962.863943;
47, 150 0 142112.863943;
48, 30 128 142142.863943;
49, 120 0 142262.863943;
50, 40 128 142302.863943;
51, 70 0 142372.863943;
52, 5880 128 148252.863943;
53, 140 0 148392.863943;
54, 1490 128 149882.863943;
55, 160 0 150042.863943;
56, 48700 128 198742.863943;
57, 170 0 198912.863943;
58, 1510 128 200422.863943;
59, 120 0 200542.863943;
60, 2520 128 203062.863943;
61, 140 0 203202.863943;
62, 3260 128 206462.863943;
63, 150 0 206612.863943;
64, 1560 128 208172.863943;
65, 160 0 208332.863943;
66, 970 128 209302.863943;
67, 180 0 209482.863943;
68, 1560 128 211042.863943;
69, 150 0 211192.863943;
70, 1060 128 212252.863943;
71, 170 0 212422.863943;
72, 1530 128 213952.863943;
73, 180 0 214132.863943;
74, 1230 128 215362.863943;
75, 150 0 215512.863943;
76, 1220 128 216732.863943;
77, 200 0 216932.863943;
78, 700 128 217632.863943;
79, 200 0 217832.863943;
80, 2730 128 220562.863943;
81, 180 0 220742.863943;
82, 1320 128 222062.863943;
83, 160 0 222222.863943;
84, 1030 128 223252.863943;
85, 120 0 223372.863943;
86, 1080 128 224452.863943;
87, 110 0 224562.863943;
88, 780 128 225342.863943;
89, 130 0 225472.863943;
90, 11970 128 237442.863943;
91, 170 0 237612.863943;
92, 1950 128 239562.863943;
93, 160 0 239722.863943;
94, 3620 128 243342.863943;
95, 150 0 243492.863943;
96, 2070 128 245562.863943;
97, 170 0 245732.863943;
98, 1810 128 247542.863943;
99, 160 0 247702.863943;
100, 1920 128 249622.863943;
101, 150 0 249772.863943;
102, 1380 128 251152.863943;
103, 130 0 251282.863943;
104, 3120 128 254402.863943;
105, 140 0 254542.863943;
106, 90 128 254632.863943;
107, 130 0 254762.863943;
108, 580 128 255342.863943;
109, 160 0 255502.863943;
110, 600 128 256102.863943;
111, 170 0 256272.863943;
112, 1550 128 257822.863943;
113, 60 0 257882.863943;
114, 6380 128 264262.863943;
115, 140 0 264402.863943;
116, 4660 128 269062.863943;
117, 160 0 269222.863943;
118, 3300 128 272522.863943;
119, 100 0 272622.863943;
120, 32290 128 304912.863943;
121, 140 0 305052.863943;
122, 7010 128 312062.863943;
123, 120 0 312182.863943;
124, 570 128 312752.863943;
125, 130 0 312882.863943;
126, 3360 128 316242.863943;
127, 130 0 316372.863943;
128, 2170 128 318542.863943;
129, 90 0 318632.863943;
130, 40 128 318672.863943;
131, 100 0 318772.863943;
132, 30 128 318802.863943;
133, 210 0 319012.863943;
134, 20 128 319032.863943;
135, 110 0 319142.863943;
136, 40 128 319182.863943;
137, 100 0 319282.863943;
138, 50 128 319332.863943;
139, 90 0 319422.863943;
140, 60 128 319482.863943;
141, 50 0 319532.863943;
142, 90 128 319622.863943;
143, 60 0 319682.863943;
144, 60 128 319742.863943;
145, 60 0 319802.863943;
146, 80 128 319882.863943;
147, 60 0 319942.863943;
148, 50 128 319992.863943;
149, 350 0 320342.863943;
150, 20 128 320362.863943;
151, 60 0 320422.863943;
152, 5240 128 325662.863943;
153, 110 0 325772.863943;
154, 670 128 326442.863943;
155, 100 0 326542.863943;
156, 1950 128 328492.863943;
157, 140 0 328632.863943;
158, 1940 128 330572.863943;
159, 140 0 330712.863943;
160, 80 128 330792.863943;
161, 140 0 330932.863943;
162, 4860 128 335792.863943;
163, 160 0 335952.863943;
164, 1360 128 337312.863943;
165, 150 0 337462.863943;
166, 60 128 337522.863943;
167, 100 0 337622.863943;
168, 60 128 337682.863943;
169, 80 0 337762.863943;
170, 60 128 337822.863943;
171, 80 0 337902.863943;
172, 40 128 337942.863943;
173, 100 0 338042.863943;
174, 30 128 338072.863943;
175, 90 0 338162.863943;
176, 50 128 338212.863943;
177, 230 0 338442.863943;
178, 50 128 338492.863943;
179, 90 0 338582.863943;
180, 6690 128 345272.863943;
181, 170 0 345442.863943;
182, 60 128 345502.863943;
183, 150 0 345652.863943;
184, 30 128 345682.863943;
185, 120 0 345802.863943;
186, 190 128 345992.863943;
187, 160 0 346152.863943;
188, 6090 128 352242.863943;
189, 70 0 352312.863943;
190, 640 128 352952.863943;
191, 90 0 353042.863943;
192, 1780 128 354822.863943;
193, 130 0 354952.863943;
194, 110 128 355062.863943;
195, 130 0 355192.863943;
196, 70 128 355262.863943;
197, 100 0 355362.863943;
198, 80 128 355442.863943;
199, 120 0 355562.863943;
200, 920 128 356482.863943;
201, 0 0 356482.863943;
202, 5340 128 361822.863943;
203, 140 0 361962.863943;
204, 1680 128 363642.863943;
205, 150 0 363792.863943;
206, 50 128 363842.863943;
207, 110 0 363952.863943;
208, 40 128 363992.863943;
209, 80 0 364072.863943;
210, 40 128 364112.863943;
211, 100 0 364212.863943;
212, 10 128 364222.863943;
213, 110 0 364332.863943;
214, 70 128 364402.863943;
215, 110 0 364512.863943;
216, 30 128 364542.863943;
217, 90 0 364632.863943;
218, 40 128 364672.863943;
219, 90 0 364762.863943;
220, 50 128 364812.863943;
221, 90 0 364902.863943;
222, 60 128 364962.863943;
223, 70 0 365032.863943;
224, 80 128 365112.863943;
225, 100 0 365212.863943;
226, 50 128 365262.863943;
227, 100 0 365362.863943;
228, 60 128 365422.863943;
229, 90 0 365512.863943;
230, 6140 128 371652.863943;
231, 130 0 371782.863943;
232, 110 128 371892.863943;
233, 120 0 372012.863943;
234, 70 128 372082.863943;
235, 100 0 372182.863943;
236, 880 128 373062.863943;
237, 150 0 373212.863943;
238, 70 128 373282.863943;
239, 70 0 373352.863943;
240, 70 128 373422.863943;
241, 60 0 373482.863943;
242, 50 128 373532.863943;
243, 80 0 373612.863943;
244, 50 128 373662.863943;
245, 100 0 373762.863943;
246, 40 128 373802.863943;
247, 80 0 373882.863943;
248, 50 128 373932.863943;
249, 100 0 374032.863943;
250, 40 128 374072.863943;
251, 100 0 374172.863943;
252, 50 128 374222.863943;
253, 120 0 374342.863943;
254, 7880 128 382222.863943;
255, 140 0 382362.863943;
256, 1970 128 384332.863943;
257, 130 0 384462.863943;
258, 60 128 384522.863943;
259, 180 0 384702.863943;
260, 50 128 384752.863943;
261, 80 0 384832.863943;
262, 20 128 384852.863943;
263, 120 0 384972.863943;
264, 50 128 385022.863943;
265, 230 0 385252.863943;
266, 50 128 385302.863943;
267, 80 0 385382.863943;
268, 40 128 385422.863943;
269, 90 0 385512.863943;
270, 50 128 385562.863943;
271, 90 0 385652.863943;
272, 40 128 385692.863943;
273, 50 0 385742.863943;
274, 3700 128 389442.863943;
275, 80 0 389522.863943;
276, 5980 128 395502.863943;
277, 200 0 395702.863943;
278, 2110 128 397812.863943;
279, 170 0 397982.863943;
280, 17270 128 415252.863943;
281, 30 0 415282.863943;
282, 2380 128 417662.863943;
283, 170 0 417832.863943;
284, 3590 128 421422.863943;
285, 140 0 421562.863943;
286, 30 128 421592.863943;
287, 140 0 421732.863943;
288, 5510 128 427242.863943;
289, 170 0 427412.863943;
290, 160 128 427572.863943;
291, 60 0 427632.863943;
292, 2480 128 430112.863943;
293, 170 0 430282.863943;
294, 9630 128 439912.863943;
295, 150 0 440062.863943;
296, 6030 128 446096.191913;
297, 160 0 446256.191913;
298, 5640 128 451896.191913;
299, 180 0 452076.191913;
300, 5060 128 457136.191913;
301, 160 0 457296.191913;
302, 6200 128 463496.191913;
303, 150 0 463646.191913;
304, 10350 128 473997.519335;
305, 180 0 474177.519335;
306, 3720 128 477897.519335;
307, 160 0 478057.519335;
308, 40 128 478097.519335;
309, 110 0 478207.519335;
310, 60 128 478267.519335;
311, 90 0 478357.519335;
312, 2010 128 480367.519335;
313, 150 0 480517.519335;
314, 90 128 480607.519335;
315, 100 0 480707.519335;
316, 2300 128 483007.519335;
317, 140 0 483147.519335;
318, 100 128 483247.519335;
319, 160 0 483407.519335;
320, 1820 128 485227.519335;
321, 200 0 485427.519335;
322, 790 128 486217.519335;
323, 90 0 486307.519335;
324, 7530 128 493837.519335;
325, 170 0 494007.519335;
326, 3528 128 497531.145174;
327, 156 0 497687.203699;
328, 40 128 497727.203699;
329, 290 0 498017.203699;
330, 12290 128 510307.203699;
331, 120 0 510427.203699;
332, 10990 128 521417.203699;
333, 160 0 521577.203699;
334, 90 128 521667.203699;
335, 120 0 521787.203699;
336, 3360 128 525147.203699;
337, 90 0 525237.203699;
338, 3110 128 528347.203699;
339, 160 0 528507.203699;
340, 3420 128 531928.981257;
341, 220 0 532148.981257;
342, 4872 128 537020.365746;
343, 200 0 537220.365746;
344, 80 128 537300.365746;
345, 160 0 537460.365746;
346, 30 128 537490.365746;
347, 120 0 537610.365746;
348, 30 128 537640.365746;
349, 110 0 537750.365746;
350, 50 128 537800.365746;
351, 70 0 537870.365746;
352, 120 128 537990.365746;
353, 90 0 538080.365746;
354, 70 128 538150.365746;
355, 100 0 538250.365746;
356, 30 128 538280.365746;
357, 120 0 538400.523307;
358, 180 128 538580.523307;
359, 130 0 538710.523307;
360, 70 128 538780.523307;
361, 110 0 538890.523307;
362, 550 128 539440.539034;
363, 120 0 539560.539034;
364, 10730 128 550293.061872;
365, 190 0 550483.061872;
366, 30 128 550513.061872;
367, 260 0 550773.061872;
368, 50 128 550823.061872;
369, 115 0 550935.204879;
370, 3510 128 554445.204879;
371, 10 0 554455.204879;
372, 5295 128 559750.690329;
373, 70 0 559820.690329;
374, 70 128 559890.690329;
375, 100 0 559990.690329;
376, 70 128 560060.690329;
377, 90 0 560150.690329;
378, 8140 128 568290.690329;
379, 140 0 568430.690329;
380, 10683 128 579113.654109;
381, 290 0 579403.654109;
382, 60 128 579463.654109;
383, 190 0 579653.654109;
384, 310 128 579963.654109;
385, 40 0 580003.654109;
386, 10613 128 590620.452333;
387, 130 0 590750.452333;
388, 90 128 590840.452333;
389, 220 0 591060.452333;
390, 14414 128 605472.268867;
391, 80 0 605552.268867;
392, 10 128 605562.268867;
393, 180 0 605759.308641;
394, 55 128 605802.311116;
395, 100 0 605897.311116;
396, 130 128 606027.311116;
397, 130 0 606157.364851;
398, 90 128 606247.364851;
399, 100 0 606347.364851;
400, 63 128 606415.333676;
401, 140 0 606550.333676;
402, 30 128 606580.333676;
403, 1738 0 608318.476599;
404, 12790 128 621108.476599;
405, 200 0 621308.476599;
406, 3940 128 625248.476599;
407, 110 0 625358.476599;
408, 4500 128 629858.476599;
409, 170 0 630028.476599;
