0, 0 29823 128992.863943;
1, 10 18303 129002.863943;
2, 0 9088 129002.863943;
3, 10 2688 129012.863943;
4, 10 128 129022.863943;
5, 70 512 129092.863943;
6, 10 3328 129102.863943;
7, 0 6784 129102.863943;
8, 10 11520 129112.863943;
9, 10 17407 129122.863943;
10, 0 24319 129122.863943;
11, 10 31999 129132.863943;
12, 10 32767 129142.863943;
13, 215100 33151 344242.863943;
14, 10 34175 344252.863943;
15, 0 35967 344252.863943;
16, 10 36223 344262.863943;
17, 10 35711 344272.863943;
18, 10 35199 344282.863943;
19, 0 33791 344282.863943;
20, 0 32767 344282.863943;
21, 130 36991 344412.863943;
22, 10 42751 344422.863943;
23, 0 51328 344422.863943;
24, 10 61696 344432.863943;
25, 10 65408 344442.863943;
26, 40 65152 344482.863943;
27, 0 63616 344482.863943;
28, 10 61824 344492.863943;
29, 0 59648 344492.863943;
30, 0 59136 344492.863943;
31, 50 60288 344542.863943;
32, 0 63360 344542.863943;
33, 10 65408 344552.863943;
34, 50 60288 344602.863943;
35, 10 54528 344612.863943;
36, 10 47743 344622.863943;
37, 10 41983 344632.863943;
38, 0 37759 344632.863943;
39, 0 33151 344632.863943;
40, 20 32767 344652.863943;
41, 0 15744 344652.863943;
42, 10 128 344662.863943;
43, 140 2304 344802.863943;
44, 10 12800 344812.863943;
45, 10 27903 344822.863943;
46, 0 32767 344822.863943;
47, 9430 28543 354252.863943;
48, 10 19967 354262.863943;
49, 0 8192 354262.863943;
50, 10 4480 354272.863943;
51, 0 3200 354272.863943;
52, 0 2048 354272.863943;
53, 10 1408 354282.863943;
54, 20 1280 354302.863943;
55, 0 1152 354302.863943;
56, 0 1280 354302.863943;
57, 10 1408 354312.863943;
58, 20 3200 354332.863943;
59, 0 9472 354332.863943;
60, 10 21375 354342.863943;
61, 0 32767 354342.863943;
62, 80 29951 354422.863943;
63, 10 21503 354432.863943;
64, 10 14080 354442.863943;
65, 0 5632 354442.863943;
66, 0 128 354442.863943;
67, 80 1664 354522.863943;
68, 0 12032 354522.863943;
69, 10 26751 354532.863943;
70, 10 32767 354542.863943;
71, 30 25855 354572.863943;
72, 10 14976 354582.863943;
73, 10 2048 354592.863943;
74, 10 128 354602.863943;
75, 40 4352 354642.863943;
76, 10 13952 354652.863943;
77, 0 26751 354652.863943;
78, 10 32767 354662.863943;
79, 1750 31871 356412.863943;
80, 10 29823 356422.863943;
81, 10 25983 356432.863943;
82, 10 22015 356442.863943;
83, 0 17407 356442.863943;
84, 0 13312 356442.863943;
85, 10 10240 356452.863943;
86, 20 7680 356472.863943;
87, 0 6272 356472.863943;
88, 10 5248 356482.863943;
89, 0 4992 356482.863943;
90, 30 5248 356512.863943;
91, 0 6400 356512.863943;
92, 0 8320 356512.863943;
93, 10 10496 356522.863943;
94, 20 13440 356542.863943;
95, 0 19071 356542.863943;
96, 0 27135 356542.863943;
97, 10 32767 356552.863943;
98, 30 37887 356582.863943;
99, 0 50048 356582.863943;
100, 10 65408 356592.863943;
101, 10 59264 356602.863943;
102, 10 42623 356612.863943;
103, 0 35199 356612.863943;
104, 10 32767 356622.863943;
105, 100 41215 356722.863943;
106, 10 56960 356732.863943;
107, 0 53888 356732.863943;
108, 10 39551 356742.863943;
109, 10 32767 356752.863943;
110, 20 29951 356772.863943;
111, 10 7040 356782.863943;
112, 0 128 356782.863943;
113, 120 11776 356902.863943;
114, 10 30591 356912.863943;
115, 0 32767 356912.863943;
116, 250 27135 357162.863943;
117, 10 20351 357172.863943;
118, 0 14720 357172.863943;
119, 0 5120 357172.863943;
120, 10 128 357182.863943;
121, 150 1152 357332.863943;
122, 10 11520 357342.863943;
123, 0 23807 357342.863943;
124, 10 32767 357352.863943;
125, 50 29567 357402.863943;
126, 10 3200 357412.863943;
127, 0 128 357412.863943;
128, 140 8960 357552.863943;
129, 0 24703 357552.863943;
130, 10 32767 357562.863943;
131, 66940 17023 424502.863943;
132, 10 128 424512.863943;
133, 130 9600 424642.863943;
134, 10 24703 424652.863943;
135, 0 32767 424652.863943;
136, 20 31615 424672.863943;
137, 10 9472 424682.863943;
138, 10 128 424692.863943;
139, 120 5248 424812.863943;
140, 10 18559 424822.863943;
141, 0 30719 424822.863943;
142, 10 32767 424832.863943;
143, 30 27263 424862.863943;
144, 10 8064 424872.863943;
145, 10 128 424882.863943;
146, 90 9472 424972.863943;
147, 10 24959 424982.863943;
148, 10 32767 424992.863943;
149, 35980 31999 460976.191913;
150, 10 26495 460986.191913;
151, 0 22271 460986.191913;
152, 10 19583 460996.191913;
153, 10 17023 461006.191913;
154, 10 15232 461016.191913;
155, 10 14976 461026.191913;
156, 0 15104 461026.191913;
157, 0 19711 461026.191913;
158, 10 26367 461036.191913;
159, 20 32767 461056.191913;
160, 6960 32255 468017.519335;
161, 10 25471 468027.519335;
162, 10 16000 468037.519335;
163, 0 5120 468037.519335;
164, 10 128 468047.519335;
165, 110 1152 468157.519335;
166, 10 3200 468167.519335;
167, 10 6528 468177.519335;
168, 10 10496 468187.519335;
169, 0 16384 468187.519335;
170, 10 22399 468197.519335;
171, 0 25343 468197.519335;
172, 10 25599 468207.519335;
173, 20 25471 468227.519335;
174, 0 24959 468227.519335;
175, 10 24703 468237.519335;
176, 20 24831 468257.519335;
177, 10 25599 468267.519335;
178, 0 26239 468267.519335;
179, 20 25855 468287.519335;
180, 0 22015 468287.519335;
181, 10 12288 468297.519335;
182, 0 128 468297.519335;
183, 170 6400 468467.519335;
184, 10 19327 468477.519335;
185, 10 31103 468487.519335;
186, 10 32767 468497.519335;
187, 80 17919 468577.519335;
188, 10 128 468587.519335;
189, 140 1664 468727.519335;
190, 10 12032 468737.519335;
191, 0 25599 468737.519335;
192, 0 32767 468737.519335;
193, 9560 30847 478297.519335;
194, 0 25471 478297.519335;
195, 10 21119 478307.519335;
196, 0 17535 478307.519335;
197, 10 14848 478317.519335;
198, 10 11776 478327.519335;
199, 10 9472 478337.519335;
200, 0 7808 478337.519335;
201, 20 6784 478357.519335;
202, 0 5632 478357.519335;
203, 0 4480 478357.519335;
204, 10 3840 478367.519335;
205, 20 3584 478387.519335;
206, 10 3328 478397.519335;
207, 0 2944 478397.519335;
208, 0 2816 478397.519335;
209, 10 2688 478407.519335;
210, 30 2816 478437.519335;
211, 10 3584 478447.519335;
212, 10 6528 478457.519335;
213, 10 11520 478467.519335;
214, 0 19711 478467.519335;
215, 0 29823 478467.519335;
216, 10 32767 478477.519335;
217, 5180 27775 483657.519335;
218, 0 16511 483657.519335;
219, 10 3712 483667.519335;
220, 0 128 483667.519335;
221, 80 2816 483747.519335;
222, 10 7680 483757.519335;
223, 10 14080 483767.519335;
224, 10 21119 483777.519335;
225, 0 26879 483777.519335;
226, 10 32767 483787.519335;
227, 20034 32255 503817.203699;
228, 10 30975 503827.203699;
229, 10 30847 503837.203699;
230, 10 31103 503847.203699;
231, 10 32255 503857.203699;
232, 0 32767 503857.203699;
233, 260 23167 504117.203699;
234, 0 128 504117.203699;
235, 170 4096 504287.203699;
236, 0 15616 504287.203699;
237, 10 28415 504297.203699;
238, 10 32767 504307.203699;
239, 24990 27007 529298.981257;
240, 0 18175 529298.981257;
241, 0 14848 529298.981257;
242, 10 11136 529308.981257;
243, 0 8960 529308.981257;
244, 10 6272 529318.981257;
245, 20 5120 529338.981257;
246, 0 3840 529338.981257;
247, 10 3456 529348.981257;
248, 10 3200 529358.981257;
249, 60 3328 529418.981257;
250, 10 3712 529428.981257;
251, 0 5248 529428.981257;
252, 10 6784 529438.981257;
253, 0 9472 529438.981257;
254, 10 12672 529448.981257;
255, 10 17023 529458.981257;
256, 0 22015 529458.981257;
257, 10 27391 529468.981257;
258, 10 32767 529478.981257;
259, 35323 29951 564800.690329;
260, 10 21631 564810.690329;
261, 0 13056 564810.690329;
262, 10 5376 564820.690329;
263, 10 1152 564830.690329;
264, 0 128 564830.690329;
265, 90 2176 564920.690329;
266, 10 4864 564930.690329;
267, 0 7552 564930.690329;
268, 10 10112 564940.690329;
269, 0 10880 564940.690329;
270, 20 10368 564960.690329;
271, 10 7040 564970.690329;
272, 0 2688 564970.690329;
273, 10 128 564980.690329;
274, 160 2816 565140.690329;
275, 10 6656 565150.690329;
276, 10 11520 565160.690329;
277, 10 16767 565170.690329;
278, 0 21887 565170.690329;
279, 0 26495 565170.690329;
280, 10 31103 565180.690329;
281, 0 32767 565180.690329;
282, 70 30463 565250.690329;
283, 0 22271 565250.690329;
284, 10 12672 565260.690329;
285, 10 11520 565270.690329;
286, 0 24831 565270.690329;
287, 10 32767 565280.690329;
288, 150 39423 565430.690329;
289, 10 48767 565440.690329;
290, 0 54400 565440.690329;
291, 10 54912 565450.690329;
292, 10 40831 565460.690329;
293, 10 32767 565470.690329;
294, 900 33279 566370.690329;
295, 10 36223 566380.690329;
296, 10 40831 566390.690329;
297, 0 47999 566390.690329;
298, 10 57600 566400.690329;
299, 0 65408 566400.690329;
300, 150 62720 566550.690329;
301, 10 39807 566560.690329;
302, 0 32767 566560.690329;
303, 120 28543 566680.690329;
304, 10 20223 566690.690329;
305, 0 9728 566690.690329;
306, 10 896 566700.690329;
307, 10 128 566710.690329;
308, 20 512 566730.690329;
309, 0 6272 566730.690329;
310, 0 13824 566730.690329;
311, 10 22399 566740.690329;
312, 0 31871 566740.690329;
313, 10 32767 566750.690329;
314, 170 30079 566920.690329;
315, 10 26239 566930.690329;
316, 10 22783 566940.690329;
317, 10 20863 566950.690329;
318, 0 19327 566950.690329;
319, 0 17663 566950.690329;
320, 10 17279 566960.690329;
321, 10 17151 566970.690329;
322, 10 17023 566980.690329;
323, 30 17919 567010.690329;
324, 0 20991 567010.690329;
325, 10 24191 567020.690329;
326, 10 27775 567030.690329;
327, 10 32767 567040.690329;
328, 260 33279 567300.690329;
329, 0 36223 567300.690329;
330, 0 39551 567300.690329;
331, 10 42751 567310.690329;
332, 20 45439 567330.690329;
333, 0 17663 567330.690329;
334, 10 17535 567340.690329;
335, 0 17663 567340.690329;
336, 0 16895 567340.690329;
337, 10 13696 567350.690329;
338, 10 128 567360.690329;
339, 150 1408 567510.690329;
340, 0 7296 567510.690329;
341, 10 14720 567520.690329;
342, 0 24447 567520.690329;
343, 0 32767 567520.690329;
344, 7760 31615 575280.690329;
345, 10 30591 575290.690329;
346, 10 30335 575300.690329;
347, 10 30463 575310.690329;
348, 0 31871 575310.690329;
349, 10 32767 575320.690329;
350, 15646 33407 590970.452333;
351, 10 39039 590980.452333;
352, 10 45439 590990.452333;
353, 10 52864 591000.452333;
354, 0 58624 591000.452333;
355, 10 63104 591010.452333;
356, 0 65408 591010.452333;
357, 110 62080 591117.498592;
358, 10 55936 591127.498592;
359, 10 46463 591137.498592;
360, 0 37119 591137.498592;
361, 10 32767 591147.498592;
362, 13924 32639 605087.30862;
363, 30 32127 605102.30862;
364, 10 31999 605112.30862;
365, 0 32127 605112.30862;
366, 10 32383 605122.30862;
367, 0 32767 605122.30862;
368, 80 32383 605204.273384;
369, 10 27391 605214.273384;
370, 10 21503 605224.273384;
371, 0 13952 605224.273384;
372, 10 6272 605234.273384;
373, 0 128 605234.273384;
374, 160 384 605397.268867;
375, 10 3328 605402.268867;
376, 0 5504 605402.268867;
377, 10 5888 605412.268867;
378, 10 3968 605422.268867;
379, 10 1408 605432.268867;
380, 0 128 605432.268867;
381, 260 1536 605692.268867;
382, 10 3328 605702.268867;
383, 0 6528 605702.268867;
384, 10 9728 605712.268867;
385, 0 13824 605712.268867;
386, 10 18175 605722.268867;
387, 0 20863 605722.268867;
388, 10 21247 605759.308641;
389, 10 20223 605759.308641;
390, 0 14848 605759.308641;
391, 10 9344 605759.308641;
392, 0 3712 605759.308641;
393, 45 256 605802.311116;
394, 0 128 605802.311116;
395, 110 2816 605907.311116;
396, 0 6400 605907.311116;
397, 10 10496 605917.311116;
398, 0 14848 605917.311116;
399, 10 19967 605927.311116;
400, 10 24063 605937.311116;
401, 0 27519 605937.311116;
402, 10 31103 605947.311116;
403, 10 32767 605957.311116;
404, 70 32127 606027.311116;
405, 10 25599 606037.311116;
406, 10 18687 606047.311116;
407, 0 10624 606047.311116;
408, 0 3840 606047.311116;
409, 10 1408 606057.311116;
410, 0 128 606057.311116;
411, 90 1792 606147.364851;
412, 10 3840 606157.364851;
413, 0 7552 606157.364851;
414, 10 11776 606167.364851;
415, 0 16384 606167.364851;
416, 10 21119 606177.364851;
417, 10 24703 606187.364851;
418, 10 27519 606197.364851;
419, 10 29055 606207.364851;
420, 0 29183 606207.364851;
421, 10 27903 606217.364851;
422, 0 24447 606217.364851;
423, 10 18815 606227.364851;
424, 10 11392 606237.364851;
425, 10 4480 606247.364851;
426, 0 896 606247.364851;
427, 10 128 606257.364851;
428, 80 2048 606337.364851;
429, 10 4736 606347.364851;
430, 0 8064 606347.364851;
431, 10 12544 606357.364851;
432, 0 16767 606357.364851;
433, 0 20351 606357.364851;
434, 10 21119 606367.364851;
435, 0 20991 606367.364851;
436, 0 19583 606367.364851;
437, 43 12672 606415.333676;
438, 0 5632 606415.333676;
439, 0 128 606415.333676;
440, 140 2560 606550.333676;
441, 10 6784 606560.333676;
442, 10 11264 606570.333676;
443, 0 14080 606570.333676;
444, 10 15872 606580.333676;
445, 0 17279 606580.333676;
446, 10 18303 606590.333676;
447, 10 18943 606600.333676;
448, 10 19327 606610.333676;
449, 10 19583 606620.333676;
450, 0 19711 606620.333676;
451, 10 19967 606630.333676;
452, 0 20095 606630.333676;
453, 0 20223 606630.333676;
454, 10 20351 606640.333676;
455, 0 20607 606640.333676;
456, 38 20863 606650.333676;
457, 0 21119 606650.333676;
458, 10 21375 606688.366758;
459, 10 21759 606698.366758;
460, 0 22399 606698.366758;
461, 0 23295 606698.366758;
462, 41 24191 606708.366758;
463, 0 25343 606708.366758;
464, 0 26367 606708.366758;
465, 0 27391 606708.366758;
466, 0 28799 606708.366758;
467, 41 30079 606786.389706;
468, 0 30847 606786.389706;
469, 0 31487 606786.389706;
470, 0 32127 606786.389706;
471, 0 32511 606786.389706;
472, 39 32767 606826.372957;
473, 590 31487 607411.372957;
474, 10 25471 607421.372957;
475, 10 20607 607431.372957;
476, 10 16384 607441.372957;
477, 0 11136 607441.372957;
478, 10 5632 607451.372957;
479, 0 128 607451.372957;
480, 190 896 607641.372957;
481, 10 256 607651.372957;
482, 10 128 607661.372957;
483, 160 1408 607821.372957;
484, 10 2304 607831.372957;
485, 0 2432 607831.372957;
486, 10 1792 607841.372957;
487, 10 128 607851.372957;
488, 150 896 608001.372957;
489, 10 4992 608011.372957;
490, 0 10112 608011.372957;
491, 10 13824 608021.372957;
492, 10 15616 608031.372957;
493, 0 16000 608031.372957;
494, 0 15872 608031.372957;
495, 10 14848 608041.372957;
496, 0 11648 608041.372957;
497, 0 7680 608041.372957;
498, 0 4480 608041.372957;
499, 10 2688 608051.372957;
500, 0 1664 608051.372957;
501, 0 640 608051.372957;
502, 0 128 608051.372957;
503, 97 512 608148.476599;
504, 10 1792 608158.476599;
505, 0 3328 608158.476599;
506, 0 5760 608158.476599;
507, 10 8832 608168.476599;
508, 0 12672 608168.476599;
509, 10 17407 608178.476599;
510, 10 22143 608188.476599;
511, 10 26879 608198.476599;
512, 0 31999 608198.476599;
513, 10 32767 608208.476599;
