0, 0 128 144733.859131;
1, 240 0 144973.859131;
2, 240 128 145213.859131;
3, 180 0 145393.859131;
4, 170 128 145563.859131;
5, 500 0 146063.859131;
6, 2620 128 148683.859131;
7, 180 0 148863.859131;
8, 2830 128 151693.859131;
9, 590 0 152283.859131;
10, 1470 128 153753.859131;
11, 220 0 153973.859131;
12, 50 128 154023.859131;
13, 140 0 154163.859131;
14, 40 128 154203.859131;
15, 180 0 154383.859131;
16, 310 128 154693.859131;
17, 327 0 154993.859131;
18, 1040 128 156061.285032;
19, 140 0 156201.285032;
20, 1480 128 157681.285032;
21, 200 0 157881.285032;
22, 3460 128 161341.285032;
23, 460 0 161801.285032;
24, 422 128 162223.675409;
25, 190 0 162413.675409;
26, 690 128 163103.675409;
27, 250 0 163353.675409;
28, 5550 128 168903.675409;
29, 240 0 169143.675409;
30, 21840 128 190983.675409;
31, 150 0 191133.675409;
32, 80 128 191213.675409;
33, 110 0 191323.675409;
34, 1130 128 192453.675409;
35, 140 0 192593.675409;
36, 640 128 193233.675409;
37, 100 0 193333.675409;
38, 3020 128 196353.675409;
39, 190 0 196543.675409;
40, 100 128 196643.675409;
41, 90 0 196733.675409;
42, 690 128 197423.675409;
43, 350 0 197773.675409;
44, 50 128 197823.675409;
45, 140 0 197963.675409;
46, 670 128 198633.675409;
47, 490 0 199123.675409;
48, 140 128 199263.675409;
49, 160 0 199423.675409;
50, 90 128 199513.675409;
51, 190 0 199703.675409;
52, 70 128 199773.675409;
53, 210 0 199983.675409;
54, 70 128 200053.675409;
55, 150 0 200203.675409;
56, 60 128 200263.675409;
57, 400 0 200663.675409;
58, 460 128 201123.675409;
59, 200 0 201323.675409;
60, 210 128 201533.675409;
61, 140 0 201673.675409;
62, 150 128 201823.675409;
63, 510 0 202333.675409;
64, 300 128 202633.675409;
65, 680 0 203313.675409;
66, 230 128 203543.675409;
67, 160 0 203703.675409;
68, 1180 128 204883.675409;
69, 500 0 205383.675409;
70, 730 128 206113.675409;
71, 140 0 206253.675409;
72, 1060 128 207313.675409;
73, 190 0 207503.675409;
74, 140 128 207643.675409;
75, 180 0 207823.675409;
76, 290 128 208113.675409;
77, 310 0 208423.675409;
78, 310 128 208733.675409;
79, 210 0 208943.675409;
80, 2090 128 211033.675409;
81, 130 0 211163.675409;
82, 3540 128 214703.675409;
83, 70 0 214773.675409;
84, 190 128 214963.675409;
85, 640 0 215603.675409;
86, 30 128 215633.675409;
87, 100 0 215733.675409;
88, 5330 128 221063.675409;
89, 200 0 221263.675409;
90, 70 128 221333.675409;
91, 100 0 221433.675409;
92, 70 128 221503.675409;
93, 110 0 221613.675409;
94, 80 128 221693.675409;
95, 70 0 221763.675409;
96, 60 128 221823.675409;
97, 110 0 221933.675409;
98, 70 128 222003.675409;
99, 120 0 222123.675409;
100, 2950 128 225073.675409;
101, 200 0 225273.675409;
102, 2760 128 228033.675409;
103, 110 0 228143.675409;
104, 240 128 228383.675409;
105, 190 0 228573.675409;
106, 140 128 228713.675409;
107, 250 0 228963.675409;
108, 2100 128 231063.675409;
109, 150 0 231213.675409;
110, 60 128 231273.675409;
111, 240 0 231513.675409;
112, 2680 128 234193.675409;
113, 70 0 234263.675409;
114, 140 128 234403.675409;
115, 180 0 234583.675409;
116, 2660 128 237243.675409;
117, 190 0 237433.675409;
118, 130 128 237563.675409;
119, 160 0 237723.675409;
120, 4810 128 242533.675409;
121, 170 0 242703.675409;
122, 50 128 242753.675409;
123, 290 0 243043.675409;
124, 2090 128 245133.675409;
125, 200 0 245333.675409;
126, 80 128 245413.675409;
127, 100 0 245513.675409;
128, 280 128 245793.675409;
129, 60 0 245853.675409;
130, 3680 128 249533.675409;
131, 900 0 250433.675409;
132, 3840 128 254273.675409;
133, 250 0 254523.675409;
134, 5370 128 259893.675409;
135, 300 0 260193.675409;
136, 1660 128 261853.675409;
137, 750 0 262603.675409;
138, 610 128 263213.675409;
139, 210 0 263423.675409;
140, 1360 128 264783.675409;
141, 200 0 264983.675409;
142, 150 128 265133.675409;
143, 60 0 265193.675409;
144, 2600 128 267793.675409;
145, 230 0 268023.675409;
146, 240 128 268263.675409;
147, 200 0 268463.675409;
148, 1440 128 269903.675409;
149, 330 0 270233.675409;
150, 160 128 270393.675409;
151, 240 0 270633.675409;
152, 4580 128 275213.675409;
153, 400 0 275613.675409;
154, 100 128 275713.675409;
155, 90 0 275803.675409;
156, 5420 128 281223.675409;
157, 250 0 281473.675409;
158, 2710 128 284183.675409;
159, 270 0 284453.675409;
160, 35840 128 320293.675409;
161, 240 0 320533.675409;
162, 10 128 320543.675409;
163, 150 0 320693.675409;
164, 70 128 320763.675409;
165, 120 0 320883.675409;
166, 100 128 320983.675409;
167, 200 0 321183.675409;
168, 60 128 321243.675409;
169, 290 0 321533.675409;
170, 50 128 321583.675409;
171, 150 0 321733.675409;
172, 60 128 321793.675409;
173, 170 0 321963.675409;
174, 200 128 322163.675409;
175, 220 0 322383.675409;
176, 790 128 323173.675409;
177, 180 0 323353.675409;
178, 120 128 323473.675409;
179, 110 0 323583.675409;
180, 5530 128 329113.675409;
181, 100 0 329213.675409;
182, 2110 128 331323.675409;
183, 150 0 331473.675409;
184, 80 128 331553.675409;
185, 280 0 331833.675409;
186, 120 128 331953.675409;
187, 170 0 332123.675409;
188, 720 128 332843.675409;
189, 150 0 332993.675409;
190, 70 128 333063.675409;
191, 240 0 333303.675409;
192, 600 128 333903.675409;
193, 120 0 334023.675409;
194, 50 128 334073.675409;
195, 150 0 334223.675409;
196, 5710 128 339933.675409;
197, 250 0 340183.675409;
198, 3160 128 343343.675409;
199, 190 0 343533.675409;
200, 1690 128 345223.675409;
201, 190 0 345413.675409;
202, 610 128 346023.675409;
203, 170 0 346193.675409;
204, 40 128 346233.675409;
205, 170 0 346403.675409;
206, 30 128 346433.675409;
207, 210 0 346643.675409;
208, 4470 128 351113.675409;
209, 210 0 351323.675409;
210, 820 128 352143.675409;
211, 180 0 352323.675409;
212, 1330 128 353653.675409;
213, 330 0 353983.675409;
214, 4796 128 358779.709777;
215, 190 0 358969.709777;
216, 320 128 359289.709777;
217, 70 0 359359.709777;
218, 4610 128 363969.709777;
219, 160 0 364129.709777;
220, 380 128 364509.709777;
221, 100 0 364609.709777;
222, 3640 128 368249.709777;
223, 240 0 368489.709777;
224, 6810 128 375299.709777;
225, 4580 0 379879.709777;
226, 4930 128 384809.709777;
227, 320 0 385129.709777;
228, 9550 128 394679.709777;
229, 250 0 394929.709777;
230, 2180 128 397109.709777;
231, 270 0 397379.709777;
232, 1540 128 398919.709777;
233, 120 0 399039.709777;
234, 1670 128 400709.709777;
235, 200 0 400909.709777;
236, 1620 128 402529.709777;
237, 120 0 402649.709777;
238, 60 128 402709.709777;
239, 100 0 402809.709777;
240, 40 128 402849.709777;
241, 120 0 402969.709777;
242, 60 128 403029.709777;
243, 90 0 403119.709777;
244, 1450 128 404569.709777;
245, 120 0 404689.709777;
246, 40 128 404729.709777;
247, 130 0 404859.709777;
248, 70 128 404929.709777;
249, 200 0 405129.709777;
250, 70 128 405199.709777;
251, 110 0 405309.709777;
252, 10 128 405319.709777;
253, 100 0 405419.709777;
254, 70 128 405489.709777;
255, 70 0 405559.709777;
256, 561 128 406121.471148;
257, 130 0 406251.471148;
258, 80 128 406331.471148;
259, 70 0 406401.471148;
260, 50 128 406451.471148;
261, 70 0 406521.471148;
262, 290 128 406811.471148;
263, 200 0 407011.471148;
264, 40 128 407051.471148;
265, 270 0 407321.471148;
266, 830 128 408151.471148;
267, 370 0 408521.471148;
268, 2520 128 411041.471148;
269, 250 0 411291.471148;
270, 5950 128 417241.471148;
271, 160 0 417401.471148;
272, 60 128 417461.471148;
273, 100 0 417561.471148;
274, 80 128 417641.471148;
275, 20 0 417661.471148;
276, 200 128 417861.471148;
277, 80 0 417941.471148;
278, 790 128 418731.471148;
279, 150 0 418881.471148;
280, 70 128 418951.471148;
281, 80 0 419031.471148;
282, 6570 128 425601.471148;
283, 280 0 425881.471148;
284, 700 128 426581.471148;
285, 190 0 426771.471148;
286, 510 128 427281.471148;
287, 500 0 427781.471148;
288, 2360 128 430141.471148;
289, 620 0 430761.471148;
290, 2650 128 433411.471148;
291, 230 0 433641.471148;
292, 3970 128 437611.471148;
293, 490 0 438101.471148;
294, 2940 128 441041.471148;
295, 510 0 441551.471148;
296, 450 128 442001.471148;
297, 740 0 442741.471148;
298, 2360 128 445101.471148;
299, 210 0 445311.471148;
300, 390 128 445701.471148;
301, 340 0 446041.471148;
302, 140 128 446181.471148;
303, 170 0 446351.471148;
304, 1058 128 447409.831716;
305, 360 0 447769.831716;
306, 5725 128 453495.204947;
307, 300 0 453795.204947;
308, 5280 128 459075.204947;
309, 800 0 459875.57502;
310, 80 128 459955.57502;
311, 1280 0 461235.57502;
312, 2920 128 464155.57502;
313, 320 0 464475.57502;
314, 40 128 464515.57502;
315, 40 0 464555.57502;
316, 989 128 465544.863835;
317, 170 0 465714.863835;
318, 30 128 465744.863835;
319, 150 0 465894.863835;
320, 1600 128 467494.863835;
321, 190 0 467684.863835;
322, 23390 128 491074.863835;
323, 350 0 491424.863835;
324, 2150 128 493574.863835;
325, 240 0 493814.863835;
326, 4050 128 497865.542617;
327, 220 0 498085.542617;
328, 340 128 498425.542617;
329, 190 0 498615.542617;
330, 675 128 499290.750661;
331, 485 0 499775.820024;
332, 1690 128 501465.820024;
333, 210 0 501675.820024;
334, 155 128 501830.9273;
335, 320 0 502150.9273;
336, 2390 128 504540.9273;
337, 190 0 504730.9273;
338, 1530 128 506260.9273;
339, 515 0 506776.205995;
340, 1910 128 508687.236498;
341, 310 0 508997.236498;
342, 220 128 509234.359576;
343, 400 0 509619.359576;
344, 4472 128 514088.471568;
345, 180 0 514268.471568;
346, 340 128 514608.471568;
347, 230 0 514838.471568;
348, 2167 128 517005.751743;
349, 370 0 517375.751743;
350, 1390 128 518765.860224;
351, 90 0 518855.860224;
352, 1865 128 520721.006462;
353, 150 0 520871.006462;
354, 29882 128 550753.383663;
355, 280 0 551033.383663;
356, 2528 128 553563.821066;
357, 1700 0 555263.821066;
358, 15330 128 570593.821066;
359, 570 0 571163.821066;
360, 886 128 572047.940654;
361, 790 0 572837.940654;
362, 240 128 573077.940654;
363, 720 0 573797.940654;
364, 4000 128 577797.940654;
365, 160 0 577957.940654;
366, 880 128 578837.940654;
367, 405 0 579243.310306;
368, 530 128 579773.310306;
369, 791 0 580564.636082;
370, 20 128 580584.636082;
371, 30 0 580614.636082;
372, 110 128 580724.636082;
373, 1000 0 581724.636082;
374, 9652 128 591376.98366;
375, 340 0 591716.98366;
376, 3607 128 595324.153341;
377, 405 0 595729.230531;
378, 540 128 596269.230531;
379, 280 0 596549.230531;
380, 557 128 597111.324104;
381, 217 0 597324.323536;
382, 110 128 597434.323536;
383, 80 0 597514.323536;
384, 750 128 598264.389703;
385, 260 0 598524.389703;
386, 1868 128 600392.509554;
387, 210 0 600602.509554;
388, 689 128 601291.53575;
389, 220 0 601511.53575;
390, 40 128 601551.53575;
391, 110 0 601661.53575;
392, 733 128 602399.637207;
393, 260 0 602654.637207;
394, 129 128 602783.664254;
395, 210 0 602993.664254;
396, 2703 128 605696.817196;
397, 180 0 605876.817196;
398, 230 128 606106.817196;
399, 420 0 606526.817196;
400, 1703 128 608177.974654;
401, 166 0 608396.97448;
402, 170 128 608566.97448;
403, 170 0 608736.97448;
404, 208 128 608945.497097;
405, 299 0 609245.027586;
406, 90 128 609335.027586;
407, 260 0 609595.027586;
408, 14662 128 624257.831262;
409, 250 0 624507.831262;
410, 530 128 625037.831262;
411, 250 0 625287.831262;
412, 329 128 625616.960581;
413, 170 0 625786.960581;
414, 310 128 626096.960581;
415, 170 0 626266.960581;
416, 422 128 626689.00328;
417, 30 0 626719.00328;
418, 1670 128 628389.00328;
419, 130 0 628519.00328;
420, 50 128 628569.00328;
421, 100 0 628669.00328;
422, 80 128 628749.00328;
423, 50 0 628799.00328;
424, 1720 128 630519.00328;
425, 160 0 630679.00328;
426, 60 128 630739.00328;
427, 100 0 630839.00328;
428, 4690 128 635529.439665;
429, 770 0 636299.439665;
430, 2917 128 639216.699049;
431, 240 0 639456.699049;
432, 2149 128 641605.866;
433, 150 0 641755.866;
434, 60 128 641815.866;
435, 40 0 641855.866;
436, 1545 128 643400.891971;
437, 86 0 643491.963301;
438, 50 128 643562.984601;
439, 170 0 643707.984601;
440, 60 128 643767.984601;
441, 120 0 643887.984601;
442, 70 128 643957.984601;
443, 110 0 644067.984601;
444, 70 128 644137.984601;
445, 110 0 644248.026276;
446, 1374 128 645621.073086;
447, 167 0 645793.101837;
448, 40 128 645828.101837;
449, 210 0 646038.101837;
450, 3527 128 649568.21417;
451, 200 0 649768.21417;
452, 1229 128 650969.387519;
453, 160 0 651155.381442;
454, 20 128 651175.381442;
455, 140 0 651315.381442;
456, 1025 128 652340.484584;
457, 150 0 652490.484584;
458, 14416 128 666907.401457;
459, 440 0 667347.401457;
460, 280 128 667627.401457;
461, 334 0 667967.365326;
462, 0 128 667967.365326;
463, 130 0 668093.358501;
464, 20 128 668113.358501;
465, 210 0 668329.351904;
466, 25765 128 694089.820902;
467, 210 0 694299.820902;
468, 138 128 694442.850564;
469, 60 0 694497.850564;
470, 917 128 695417.858224;
471, 340 0 695757.858224;
472, 10 128 695767.858224;
473, 250 0 696017.858224;
474, 141 128 696155.966934;
475, 280 0 696402.966124;
476, 914 128 697350.99748;
477, 470 0 697820.99748;
478, 8069 128 705890.544224;
479, 233 0 706124.503048;
480, 3290 128 709414.631583;
481, 220 0 709634.631583;
482, 6811 128 716446.096633;
483, 184 0 716630.113979;
484, 687 128 717317.183834;
485, 420 0 717737.183834;
486, 1158 128 718895.257709;
487, 134 0 719030.2443;
488, 30 128 719060.2443;
489, 107 0 719172.24928;
490, 606 128 719773.658888;
491, 300 0 720073.658888;
492, 747 128 720821.317854;
493, 820 0 721646.363974;
494, 1085 128 722755.473246;
495, 723 0 723454.508736;
496, 984 128 724433.529509;
497, 514 0 724947.547593;
498, 307 128 725259.602736;
499, 212 0 725466.614635;
500, 748 128 726214.62447;
501, 656 0 726842.740484;
502, 18076 128 744951.692795;
503, 60 0 745011.732646;
504, 40 128 745046.732646;
505, 190 0 745236.732646;
506, 40 128 745276.732646;
507, 90 0 745366.732646;
508, 60 128 745426.732646;
509, 104 0 745466.732646;
510, 0 128 745466.732646;
511, 107 0 745642.787717;
512, 10 128 745647.787717;
513, 90 0 745737.787717;
514, 200 128 745937.787717;
515, 120 0 746057.787717;
516, 1663 128 747720.888414;
517, 140 0 747860.888414;
518, 3762 128 751623.083891;
519, 196 0 751822.119639;
520, 3642 128 755461.286985;
521, 140 0 755601.286985;
522, 780 128 756384.3365;
523, 160 0 756544.3365;
524, 1600 128 758144.3365;
525, 210 0 758354.3365;
526, 26132 128 784483.90203;
527, 174 0 784662.960967;
528, 15949 128 800607.823898;
529, 100 0 800707.823898;
530, 80 128 800787.823898;
531, 60 0 800847.823898;
532, 20 128 800867.823898;
533, 110 0 800977.823898;
534, 50 128 801027.823898;
535, 60 0 801087.823898;
536, 139 128 801231.901184;
537, 60 0 801286.901184;
538, 1602 128 802888.940638;
539, 160 0 803048.940638;
540, 77 128 803068.940638;
541, 108 0 803234.986169;
542, 50 128 803284.986169;
543, 70 0 803354.986169;
544, 3103 128 806458.159113;
545, 140 0 806598.159113;
546, 1218 128 807818.237987;
547, 100 0 807918.237987;
548, 50 128 807968.237987;
549, 110 0 808078.237987;
550, 60 128 808138.237987;
551, 90 0 808228.237987;
552, 1903 128 810129.411912;
553, 100 0 810229.447736;
554, 100 128 810329.447736;
555, 120 0 810449.447736;
556, 30 128 810479.447736;
557, 80 0 810559.447736;
558, 80 128 810639.447736;
559, 60 0 810699.447736;
560, 60 128 810759.447736;
561, 80 0 810839.447736;
562, 95 128 810939.448712;
563, 94 0 811033.457684;
564, 50 128 811078.457684;
565, 100 0 811178.457684;
566, 60 128 811238.457684;
567, 100 0 811338.457684;
568, 80 128 811418.457684;
569, 90 0 811508.457684;
570, 170 128 811678.457684;
571, 130 0 811808.457684;
572, 607 128 812415.502447;
573, 80 0 812495.502447;
574, 8683 128 821184.018782;
575, 140 0 821319.018782;
576, 50 128 821369.018782;
577, 110 0 821479.018782;
578, 30 128 821509.018782;
579, 110 0 821619.018782;
580, 80 128 821699.018782;
581, 130 0 821829.018782;
582, 70 128 821899.018782;
583, 80 0 821979.018782;
584, 5938 128 827917.320091;
585, 100 0 828017.320091;
586, 391 128 828408.452501;
587, 130 0 828538.452501;
588, 510 128 829048.452501;
589, 130 0 829178.452501;
590, 240 128 829418.452501;
591, 150 0 829569.487458;
592, 2287 128 831855.519895;
593, 970 0 832825.519895;
594, 590 128 833415.519895;
595, 140 0 833555.519895;
596, 2740 128 836297.775634;
597, 130 0 836427.775634;
598, 5572 128 841998.239279;
599, 192 0 842196.238927;
600, 0 128 842196.238927;
601, 100 0 842291.238927;
602, 90 128 842381.238927;
603, 70 0 842451.238927;
604, 50 128 842501.238927;
605, 115 0 842616.243559;
606, 57 128 842678.26607;
607, 100 0 842776.243475;
608, 60 128 842836.243475;
609, 100 0 842936.243475;
610, 40 128 842976.243475;
611, 90 0 843066.243475;
612, 40 128 843131.382984;
613, 110 0 843216.382984;
614, 260 128 843477.279556;
615, 270 0 843747.279556;
616, 60 128 843807.279556;
617, 87 0 843890.313956;
618, 5914 128 849807.528184;
619, 300 0 850107.528184;
620, 1230 128 851334.747131;
621, 130 0 851464.747131;
622, 1845 128 853309.826845;
623, 140 0 853449.826845;
624, 40 128 853489.826845;
625, 110 0 853599.826845;
626, 50 128 853649.826845;
627, 100 0 853749.826845;
628, 10 128 853759.826845;
629, 110 0 853869.826845;
630, 1732 128 855601.976589;
631, 150 0 855751.976589;
632, 218 128 855969.997397;
633, 130 0 856104.99992;
634, 1895 128 857995.085265;
635, 149 0 858149.170416;
636, 3933 128 862077.248376;
637, 150 0 862227.248376;
638, 50 128 862277.248376;
639, 130 0 862407.248376;
640, 474 128 862881.383695;
641, 150 0 863031.383695;
642, 120 128 863151.383695;
643, 160 0 863311.383695;
644, 454 128 863765.436811;
645, 170 0 863935.436811;
646, 3883 128 867818.66197;
647, 80 0 867898.66197;
648, 1788 128 869686.771721;
649, 120 0 869806.771721;
650, 510 128 870316.804748;
651, 117 0 870433.83128;
652, 7965 128 878399.26108;
653, 150 0 878549.26108;
654, 8758 128 887274.802979;
655, 142 0 887449.877373;
656, 980 128 888429.877373;
657, 260 0 888689.877373;
658, 40 128 888729.877373;
659, 130 0 888859.877373;
660, 1460 128 890319.877373;
661, 120 0 890439.877373;
662, 50 128 890489.877373;
663, 90 0 890579.877373;
664, 80 128 890659.877373;
665, 40 0 890699.877373;
666, 13831 128 904531.769924;
667, 280 0 904811.769924;
668, 3705 128 908516.954714;
669, 180 0 908696.954714;
670, 4564 128 913261.132946;
671, 189 0 913450.26146;
672, 70 128 913520.26146;
673, 110 0 913630.26146;
674, 9238 128 922871.798072;
675, 252 0 923125.781499;
676, 3683 128 926804.014227;
677, 170 0 926974.014227;
678, 40 128 927014.014227;
679, 128 0 927147.070334;
680, 40 128 927182.070334;
681, 110 0 927292.070334;
682, 50 128 927342.070334;
683, 90 0 927432.070334;
684, 71 128 927503.076238;
685, 126 0 927634.079615;
686, 20 128 927649.079615;
687, 125 0 927780.072361;
688, 0 128 927780.072361;
689, 100 0 927875.072361;
690, 70 128 927945.072361;
691, 215 0 928160.115818;
692, 60 128 928220.115818;
693, 110 0 928330.115818;
694, 70 128 928400.115818;
695, 129 0 928534.119208;
696, 10 128 928539.119208;
697, 110 0 928649.119208;
698, 60 128 928709.119208;
699, 101 0 928779.119208;
700, 70 128 928880.12819;
701, 100 0 928980.12819;
702, 60 128 929040.12819;
703, 70 0 929110.12819;
704, 70 128 929180.12819;
705, 100 0 929280.12819;
706, 40 128 929320.12819;
707, 127 0 929452.156735;
708, 82 128 929535.15424;
709, 63 0 929598.189757;
710, 49 128 929643.189727;
711, 130 0 929779.185136;
712, 0 128 929779.185136;
713, 103 0 929882.193265;
714, 60 128 929937.193265;
715, 150 0 930087.193265;
716, 2832 128 932924.367411;
717, 0 0 932924.367411;
718, 390 128 933314.390292;
719, 47 0 933361.398008;
720, 1120 128 934476.398008;
721, 130 0 934606.398008;
722, 523 128 935129.461308;
723, 130 0 935259.461308;
724, 2105 128 937369.612152;
725, 160 0 937524.612152;
726, 1467 128 938991.702883;
727, 267 0 939258.714489;
728, 40 128 939298.714489;
729, 170 0 939468.714489;
730, 264 128 939732.783914;
731, 110 0 939842.783914;
732, 130 128 939972.783914;
733, 80 0 940052.783914;
734, 1191 128 941243.839343;
735, 140 0 941383.839343;
736, 2787 128 944188.974702;
737, 486 0 944657.026155;
738, 5402 128 950059.207893;
739, 250 0 950309.207893;
740, 2416 128 952730.478585;
741, 272 0 952997.483188;
742, 2076 128 955073.640977;
743, 490 0 955563.640977;
744, 2546 128 958110.004685;
745, 470 0 958580.004685;
746, 3706 128 962287.042646;
747, 118 0 962307.042646;
748, 16262 128 978667.959364;
749, 230 0 978897.959364;
750, 2053 128 980956.100801;
751, 230 0 981181.100801;
752, 828 128 982010.119048;
753, 190 0 982200.119048;
754, 6012 128 988211.444026;
755, 200 0 988411.444026;
756, 40 128 988451.444026;
757, 120 0 988574.537587;
758, 4345 128 992916.768066;
759, 141 0 993058.755244;
760, 3777 128 996840.970559;
761, 453 0 997294.042257;
762, 2530 128 999819.110431;
763, 304 0 1000123.183328;
764, 2276 128 1002399.228745;
765, 560 0 1002959.228745;
766, 1892 128 1004851.426046;
767, 380 0 1005231.426046;
768, 949 128 1006180.53164;
769, 120 0 1006300.53164;
770, 1806 128 1008106.579564;
771, 430 0 1008536.579564;
772, 1854 128 1010390.727232;
773, 170 0 1010560.727232;
774, 5589 128 1016150.080967;
775, 307 0 1016485.098043;
776, 8214 128 1024671.546723;
777, 180 0 1024851.546723;
778, 6294 128 1031145.918375;
779, 160 0 1031305.918375;
780, 140 128 1031445.918375;
781, 140 0 1031585.918375;
782, 1829 128 1033420.069595;
783, 403 0 1033818.085931;
784, 8008 128 1041826.545131;
785, 290 0 1042116.545131;
786, 3306 128 1045422.733234;
787, 715 0 1046137.73798;
788, 2644 128 1048781.926091;
789, 235 0 1049016.932942;
790, 2200 128 1051217.072952;
791, 114 0 1051227.072952;
792, 69 128 1051405.086325;
793, 420 0 1051820.086325;
794, 2786 128 1054606.195683;
795, 190 0 1054796.195683;
796, 70 128 1054866.195683;
797, 140 0 1055006.195683;
798, 810 128 1055821.347503;
799, 30 0 1055846.347503;
800, 1527 128 1057378.411066;
801, 217 0 1057591.400907;
802, 21784 128 1079313.67221;
803, 236 0 1079616.68469;
804, 45409 128 1125021.113294;
805, 160 0 1125181.113294;
806, 90 128 1125271.113294;
807, 130 0 1125401.113294;
808, 70 128 1125471.113294;
809, 120 0 1125591.113294;
810, 90 128 1125681.113294;
811, 110 0 1125791.113294;
812, 70 128 1125861.113294;
813, 110 0 1125971.113294;
814, 80 128 1126051.113294;
815, 120 0 1126171.113294;
816, 50 128 1126221.113294;
817, 130 0 1126351.113294;
