0, 0 128 206633.675409;
1, 120 0 206753.675409;
2, 196566 128 403319.709777;
3, 120 0 403439.709777;
4, 60 128 403499.709777;
5, 90 0 403589.709777;
6, 20 128 403609.709777;
7, 80 0 403689.709777;
8, 60 128 403749.709777;
9, 100 0 403849.709777;
10, 50 128 403899.709777;
11, 90 0 403989.709777;
12, 14051 128 418041.471148;
13, 120 0 418161.471148;
14, 60 128 418221.471148;
15, 70 0 418291.471148;
16, 50 128 418341.471148;
17, 60 0 418401.471148;
18, 70 128 418471.471148;
19, 40 0 418511.471148;
20, 45994 128 464505.57502;
21, 220 0 464725.57502;
22, 40 128 464765.57502;
23, 90 0 464855.57502;
24, 163073 128 627929.00328;
25, 160 0 628089.00328;
26, 70 128 628159.00328;
27, 50 0 628209.00328;
28, 1450 128 629659.00328;
29, 130 0 629789.00328;
30, 60 128 629849.00328;
31, 90 0 629939.00328;
32, 11886 128 641825.866;
33, 155 0 641980.869431;
34, 30 128 642010.869431;
35, 170 0 642180.869431;
36, 80 128 642260.891971;
37, 60 0 642320.891971;
38, 70 128 642390.891971;
39, 90 0 642480.891971;
40, 7074 128 649558.21417;
41, 110 0 649668.21417;
42, 350 128 650018.21417;
43, 290 0 650308.21417;
44, 81 128 650391.355809;
45, 123 0 650509.387519;
46, 50 128 650559.387519;
47, 210 0 650769.387519;
48, 102545 128 753320.169602;
49, 50 0 753365.215168;
50, 31312 128 784677.960967;
51, 170 0 784847.960967;
52, 50 128 784897.960967;
53, 100 0 784997.960967;
54, 16438 128 801436.901184;
55, 112 0 801548.940638;
56, 530 128 802078.940638;
57, 130 0 802208.940638;
58, 60 128 802268.940638;
59, 80 0 802348.940638;
60, 70 128 802418.940638;
61, 50 0 802468.940638;
62, 50 128 802518.940638;
63, 90 0 802608.940638;
64, 50 128 802658.940638;
65, 60 0 802718.940638;
66, 3929 128 806648.159113;
67, 112 0 806765.22322;
68, 10 128 806770.22322;
69, 80 0 806870.21972;
70, 5128 128 811978.457684;
71, 129 0 812107.502392;
72, 69 128 812181.515175;
73, 148 0 812330.502447;
74, 90 128 812415.502447;
75, 130 0 812545.502447;
76, 13941 128 826492.320091;
77, 50 0 826537.320091;
78, 64422 128 890959.877373;
79, 100 0 891059.877373;
80, 100 128 891159.877373;
81, 20 0 891179.877373;
82, 60 128 891239.877373;
83, 90 0 891329.877373;
84, 88408 128 979738.012385;
85, 232 0 979975.042955;
