0, 0 30079 1126931.113294;
1, 10 26879 1126941.113294;
2, 0 24703 1126941.113294;
3, 10 22783 1126951.113294;
4, 10 21759 1126961.113294;
5, 10 21119 1126971.113294;
6, 0 20607 1126971.113294;
7, 10 20479 1126981.113294;
8, 10 20351 1126991.113294;
9, 0 20223 1126991.113294;
10, 10 20351 1127001.113294;
11, 30 20479 1127031.113294;
12, 10 20863 1127041.113294;
13, 0 22143 1127041.113294;
14, 10 24831 1127051.113294;
15, 0 30079 1127051.113294;
16, 10 39551 1127061.113294;
17, 10 46079 1127071.113294;
18, 0 50688 1127071.113294;
19, 10 52608 1127081.113294;
20, 10 54272 1127091.113294;
21, 0 56192 1127091.113294;
22, 20 57856 1127111.113294;
23, 0 59136 1127111.113294;
24, 10 60544 1127121.113294;
25, 0 61184 1127121.113294;
26, 10 61568 1127131.113294;
27, 10 61824 1127141.113294;
28, 10 61952 1127151.113294;
29, 0 62080 1127151.113294;
30, 10 62208 1127161.113294;
31, 20 62080 1127181.113294;
32, 10 61952 1127191.113294;
33, 0 61696 1127191.113294;
34, 0 59776 1127191.113294;
35, 10 49280 1127201.113294;
36, 20 34687 1127221.113294;
37, 0 19455 1127221.113294;
38, 10 7808 1127231.113294;
39, 10 512 1127241.113294;
40, 0 128 1127241.113294;
41, 90 5760 1127331.113294;
42, 0 14336 1127331.113294;
43, 20 23935 1127351.113294;
44, 10 31871 1127361.113294;
45, 0 32767 1127361.113294;
46, 20 37503 1127381.113294;
47, 0 41343 1127381.113294;
48, 10 44927 1127391.113294;
49, 10 49792 1127401.113294;
50, 10 52224 1127411.113294;
51, 0 54144 1127411.113294;
52, 10 55424 1127421.113294;
53, 10 57088 1127431.113294;
54, 10 57600 1127441.113294;
55, 20 57472 1127461.113294;
56, 10 57088 1127471.113294;
57, 0 53504 1127471.113294;
58, 10 48383 1127481.113294;
59, 10 42495 1127491.113294;
60, 0 37375 1127491.113294;
61, 10 30975 1127501.113294;
62, 0 22015 1127501.113294;
63, 10 12032 1127511.113294;
64, 0 2816 1127511.113294;
65, 43 128 1127521.113294;
66, 60 2176 1127614.396945;
67, 10 8704 1127624.396945;
68, 10 13824 1127634.396945;
69, 0 20479 1127634.396945;
70, 10 25599 1127644.396945;
71, 10 30079 1127654.396945;
72, 10 41599 1127664.396945;
73, 0 53248 1127664.396945;
74, 10 63872 1127674.396945;
75, 10 65408 1127684.396945;
76, 30 60032 1127714.396945;
77, 10 53504 1127724.396945;
78, 10 43391 1127734.396945;
79, 0 33663 1127734.396945;
80, 10 32767 1127744.396945;
81, 30 28543 1127774.396945;
82, 10 22143 1127784.396945;
83, 10 16384 1127794.396945;
84, 10 10752 1127804.396945;
85, 0 5376 1127804.396945;
86, 10 1664 1127814.396945;
87, 0 128 1127814.396945;
88, 70 2048 1127884.396945;
89, 10 8960 1127894.396945;
90, 0 19839 1127894.396945;
91, 10 30335 1127904.396945;
92, 10 32767 1127914.396945;
93, 90 34175 1128004.396945;
94, 10 38783 1128014.396945;
95, 0 41727 1128014.396945;
96, 10 45695 1128024.396945;
97, 10 50560 1128034.396945;
98, 0 54272 1128034.396945;
99, 10 58368 1128044.396945;
100, 20 61824 1128064.396945;
101, 0 65408 1128064.396945;
102, 90 62848 1128154.396945;
103, 10 58368 1128164.396945;
104, 10 53120 1128174.396945;
105, 0 49536 1128174.396945;
106, 10 46463 1128184.396945;
107, 10 44799 1128194.396945;
108, 10 42623 1128204.396945;
109, 0 41599 1128204.396945;
110, 10 40831 1128214.396945;
111, 0 39679 1128214.396945;
112, 0 38655 1128214.396945;
113, 10 37375 1128224.396945;
114, 0 35455 1128224.396945;
115, 20 33407 1128244.396945;
116, 10 32767 1128254.396945;
117, 90 23935 1128344.396945;
118, 10 12928 1128354.396945;
119, 0 7040 1128354.396945;
120, 10 3584 1128364.396945;
121, 10 1536 1128374.396945;
122, 10 128 1128384.396945;
123, 350 512 1128734.396945;
124, 10 768 1128744.396945;
125, 0 1024 1128744.396945;
126, 10 1408 1128754.396945;
127, 10 1536 1128764.396945;
128, 10 1664 1128774.396945;
129, 0 1920 1128774.396945;
130, 0 2304 1128774.396945;
131, 10 2688 1128784.396945;
132, 10 3072 1128794.396945;
133, 0 3456 1128794.396945;
134, 10 3968 1128804.396945;
135, 10 5120 1128814.396945;
136, 10 6272 1128824.396945;
137, 0 7296 1128824.396945;
138, 10 9472 1128834.396945;
139, 10 11648 1128844.396945;
140, 10 15104 1128854.396945;
141, 0 19711 1128854.396945;
142, 10 24063 1128864.396945;
143, 0 29183 1128864.396945;
144, 10 32767 1128874.396945;
145, 180 34431 1129054.396945;
146, 0 39423 1129054.396945;
147, 10 42623 1129064.396945;
148, 0 46079 1129064.396945;
149, 10 50688 1129074.396945;
150, 10 53376 1129084.396945;
151, 10 55424 1129094.396945;
152, 0 57984 1129094.396945;
153, 10 59904 1129104.396945;
154, 10 60544 1129114.396945;
155, 0 60672 1129114.396945;
156, 10 60800 1129124.396945;
157, 20 60928 1129144.396945;
158, 0 60800 1129144.396945;
159, 20 60672 1129164.396945;
160, 0 60032 1129164.396945;
161, 10 59008 1129174.396945;
162, 10 55680 1129184.396945;
163, 0 51968 1129184.396945;
164, 10 46591 1129194.396945;
165, 0 40703 1129194.396945;
166, 10 33791 1129204.396945;
167, 10 32767 1129214.396945;
