0, 0 128 146133.859131;
1, 220 0 146353.859131;
2, 60 128 146413.859131;
3, 140 0 146553.859131;
4, 51339 128 197893.675409;
5, 80 0 197973.675409;
6, 110 128 198083.675409;
7, 180 0 198263.675409;
8, 14790 128 213053.675409;
9, 210 0 213263.675409;
10, 200 128 213463.675409;
11, 170 0 213633.675409;
12, 600 128 214233.675409;
13, 170 0 214403.675409;
14, 70 128 214473.675409;
15, 130 0 214603.675409;
16, 70 128 214673.675409;
17, 220 0 214893.675409;
18, 350 128 215243.675409;
19, 340 0 215583.675409;
20, 80 128 215663.675409;
21, 220 0 215883.675409;
22, 130 128 216013.675409;
23, 200 0 216213.675409;
24, 60 128 216273.675409;
25, 880 0 217153.675409;
26, 150 128 217303.675409;
27, 730 0 218033.675409;
28, 290 128 218323.675409;
29, 140 0 218463.675409;
30, 60 128 218523.675409;
31, 220 0 218743.675409;
32, 10 128 218753.675409;
33, 150 0 218903.675409;
34, 80 128 218983.675409;
35, 180 0 219163.675409;
36, 100 128 219263.675409;
37, 180 0 219443.675409;
38, 160 128 219603.675409;
39, 150 0 219753.675409;
40, 160 128 219913.675409;
41, 480 0 220393.675409;
42, 110 128 220503.675409;
43, 170 0 220673.675409;
44, 140 128 220813.675409;
45, 170 0 220983.675409;
46, 1810 128 222793.675409;
47, 70 0 222863.675409;
48, 80 128 222943.675409;
49, 190 0 223133.675409;
50, 60 128 223193.675409;
51, 140 0 223333.675409;
52, 90 128 223423.675409;
53, 150 0 223573.675409;
54, 80 128 223653.675409;
55, 230 0 223883.675409;
56, 130 128 224013.675409;
57, 370 0 224383.675409;
58, 120 128 224503.675409;
59, 310 0 224813.675409;
60, 730 128 225543.675409;
61, 240 0 225783.675409;
62, 80 128 225863.675409;
63, 240 0 226103.675409;
64, 190 128 226293.675409;
65, 210 0 226503.675409;
66, 130 128 226633.675409;
67, 200 0 226833.675409;
68, 140 128 226973.675409;
69, 430 0 227403.675409;
70, 120 128 227523.675409;
71, 190 0 227713.675409;
72, 60 128 227773.675409;
73, 140 0 227913.675409;
74, 110 128 228023.675409;
75, 190 0 228213.675409;
76, 1900 128 230113.675409;
77, 330 0 230443.675409;
78, 1020 128 231463.675409;
79, 290 0 231753.675409;
80, 80 128 231833.675409;
81, 180 0 232013.675409;
82, 60 128 232073.675409;
83, 130 0 232203.675409;
84, 50 128 232253.675409;
85, 180 0 232433.675409;
86, 80 128 232513.675409;
87, 170 0 232683.675409;
88, 120 128 232803.675409;
89, 200 0 233003.675409;
90, 140 128 233143.675409;
91, 290 0 233433.675409;
92, 120 128 233553.675409;
93, 350 0 233903.675409;
94, 200 128 234103.675409;
95, 140 0 234243.675409;
96, 1580 128 235823.675409;
97, 230 0 236053.675409;
98, 70 128 236123.675409;
99, 180 0 236303.675409;
100, 80 128 236383.675409;
101, 160 0 236543.675409;
102, 230 128 236773.675409;
103, 260 0 237033.675409;
104, 770 128 237803.675409;
105, 210 0 238013.675409;
106, 90 128 238103.675409;
107, 200 0 238303.675409;
108, 150 128 238453.675409;
109, 260 0 238713.675409;
110, 140 128 238853.675409;
111, 200 0 239053.675409;
112, 140 128 239193.675409;
113, 420 0 239613.675409;
114, 150 128 239763.675409;
115, 140 0 239903.675409;
116, 110 128 240013.675409;
117, 120 0 240133.675409;
118, 340 128 240473.675409;
119, 130 0 240603.675409;
120, 80 128 240683.675409;
121, 190 0 240873.675409;
122, 1060 128 241933.675409;
123, 170 0 242103.675409;
124, 100 128 242203.675409;
125, 190 0 242393.675409;
126, 880 128 243273.675409;
127, 270 0 243543.675409;
128, 140 128 243683.675409;
129, 310 0 243993.675409;
130, 190 128 244183.675409;
131, 190 0 244373.675409;
132, 330 128 244703.675409;
133, 170 0 244873.675409;
134, 1950 128 246823.675409;
135, 180 0 247003.675409;
136, 70 128 247073.675409;
137, 210 0 247283.675409;
138, 90 128 247373.675409;
139, 150 0 247523.675409;
140, 80 128 247603.675409;
141, 250 0 247853.675409;
142, 850 128 248703.675409;
143, 190 0 248893.675409;
144, 1180 128 250073.675409;
145, 400 0 250473.675409;
146, 30 128 250503.675409;
147, 280 0 250783.675409;
148, 120 128 250903.675409;
149, 370 0 251273.675409;
150, 110 128 251383.675409;
151, 380 0 251763.675409;
152, 270 128 252033.675409;
153, 470 0 252503.675409;
154, 530 128 253033.675409;
155, 190 0 253223.675409;
156, 220 128 253443.675409;
157, 350 0 253793.675409;
158, 880 128 254673.675409;
159, 320 0 254993.675409;
160, 90 128 255083.675409;
161, 340 0 255423.675409;
162, 130 128 255553.675409;
163, 280 0 255833.675409;
164, 140 128 255973.675409;
165, 200 0 256173.675409;
166, 570 128 256743.675409;
167, 210 0 256953.675409;
168, 150 128 257103.675409;
169, 300 0 257403.675409;
170, 260 128 257663.675409;
171, 400 0 258063.675409;
172, 120 128 258183.675409;
173, 370 0 258553.675409;
174, 240 128 258793.675409;
175, 280 0 259073.675409;
176, 300 128 259373.675409;
177, 370 0 259743.675409;
178, 170 128 259913.675409;
179, 190 0 260103.675409;
180, 350 128 260453.675409;
181, 210 0 260663.675409;
182, 90 128 260753.675409;
183, 220 0 260973.675409;
184, 230 128 261203.675409;
185, 260 0 261463.675409;
186, 860 128 262323.675409;
187, 270 0 262593.675409;
188, 110 128 262703.675409;
189, 250 0 262953.675409;
190, 130 128 263083.675409;
191, 420 0 263503.675409;
192, 80 128 263583.675409;
193, 260 0 263843.675409;
194, 140 128 263983.675409;
195, 280 0 264263.675409;
196, 130 128 264393.675409;
197, 200 0 264593.675409;
198, 530 128 265123.675409;
199, 590 0 265713.675409;
200, 1010 128 266723.675409;
201, 110 0 266833.675409;
202, 190 128 267023.675409;
203, 490 0 267513.675409;
204, 1870 128 269383.675409;
205, 180 0 269563.675409;
206, 80 128 269643.675409;
207, 190 0 269833.675409;
208, 120 128 269953.675409;
209, 170 0 270123.675409;
210, 800 128 270923.675409;
211, 670 0 271593.675409;
212, 560 128 272153.675409;
213, 490 0 272643.675409;
214, 110 128 272753.675409;
215, 180 0 272933.675409;
216, 310 128 273243.675409;
217, 500 0 273743.675409;
218, 150 128 273893.675409;
219, 250 0 274143.675409;
220, 540 128 274683.675409;
221, 190 0 274873.675409;
222, 860 128 275733.675409;
223, 300 0 276033.675409;
224, 120 128 276153.675409;
225, 240 0 276393.675409;
226, 320 128 276713.675409;
227, 590 0 277303.675409;
228, 270 128 277573.675409;
229, 870 0 278443.675409;
230, 240 128 278683.675409;
231, 700 0 279383.675409;
232, 190 128 279573.675409;
233, 770 0 280343.675409;
234, 400 128 280743.675409;
235, 300 0 281043.675409;
236, 800 128 281843.675409;
237, 200 0 282043.675409;
238, 100 128 282143.675409;
239, 180 0 282323.675409;
240, 150 128 282473.675409;
241, 220 0 282693.675409;
242, 200 128 282893.675409;
243, 190 0 283083.675409;
244, 260 128 283343.675409;
245, 340 0 283683.675409;
246, 930 128 284613.675409;
247, 340 0 284953.675409;
248, 120 128 285073.675409;
249, 250 0 285323.675409;
250, 130 128 285453.675409;
251, 210 0 285663.675409;
252, 130 128 285793.675409;
253, 250 0 286043.675409;
254, 180 128 286223.675409;
255, 160 0 286383.675409;
256, 37470 128 323853.675409;
257, 130 0 323983.675409;
258, 70 128 324053.675409;
259, 150 0 324203.675409;
260, 80 128 324283.675409;
261, 120 0 324403.675409;
262, 70 128 324473.675409;
263, 150 0 324623.675409;
264, 140 128 324763.675409;
265, 150 0 324913.675409;
266, 80 128 324993.675409;
267, 160 0 325153.675409;
268, 280 128 325433.675409;
269, 170 0 325603.675409;
270, 90 128 325693.675409;
271, 140 0 325833.675409;
272, 70 128 325903.675409;
273, 140 0 326043.675409;
274, 60 128 326103.675409;
275, 150 0 326253.675409;
276, 70 128 326323.675409;
277, 140 0 326463.675409;
278, 80 128 326543.675409;
279, 140 0 326683.675409;
280, 110 128 326793.675409;
281, 140 0 326933.675409;
282, 80 128 327013.675409;
283, 150 0 327163.675409;
284, 80 128 327243.675409;
285, 140 0 327383.675409;
286, 220 128 327603.675409;
287, 150 0 327753.675409;
288, 90 128 327843.675409;
289, 150 0 327993.675409;
290, 80 128 328073.675409;
291, 150 0 328223.675409;
292, 90 128 328313.675409;
293, 170 0 328483.675409;
294, 150 128 328633.675409;
295, 140 0 328773.675409;
296, 280 128 329053.675409;
297, 290 0 329343.675409;
298, 60 128 329403.675409;
299, 140 0 329543.675409;
300, 90 128 329633.675409;
301, 150 0 329783.675409;
302, 60 128 329843.675409;
303, 140 0 329983.675409;
304, 90 128 330073.675409;
305, 110 0 330183.675409;
306, 250 128 330433.675409;
307, 130 0 330563.675409;
308, 60 128 330623.675409;
309, 140 0 330763.675409;
310, 3340 128 334103.675409;
311, 150 0 334253.675409;
312, 100 128 334353.675409;
313, 160 0 334513.675409;
314, 70 128 334583.675409;
315, 340 0 334923.675409;
316, 90 128 335013.675409;
317, 90 0 335103.675409;
318, 5620 128 340723.675409;
319, 240 0 340963.675409;
320, 110 128 341073.675409;
321, 160 0 341233.675409;
322, 2840 128 344073.675409;
323, 170 0 344243.675409;
324, 50 128 344293.675409;
325, 140 0 344433.675409;
326, 50 128 344483.675409;
327, 150 0 344633.675409;
328, 100 128 344733.675409;
329, 170 0 344903.675409;
330, 1940 128 346843.675409;
331, 110 0 346953.675409;
332, 100 128 347053.675409;
333, 290 0 347343.675409;
334, 100 128 347443.675409;
335, 190 0 347633.675409;
336, 1870 128 349503.675409;
337, 370 0 349873.675409;
338, 180 128 350053.675409;
339, 240 0 350293.675409;
340, 80 128 350373.675409;
341, 170 0 350543.675409;
342, 100 128 350643.675409;
343, 120 0 350763.675409;
344, 80 128 350843.675409;
345, 180 0 351023.675409;
346, 1700 128 352723.675409;
347, 250 0 352973.675409;
348, 50 128 353023.675409;
349, 160 0 353183.675409;
350, 90 128 353273.675409;
351, 160 0 353433.675409;
352, 620 128 354053.675409;
353, 220 0 354273.675409;
354, 140 128 354413.675409;
355, 170 0 354583.675409;
356, 290 128 354873.675409;
357, 170 0 355043.675409;
358, 120 128 355163.675409;
359, 170 0 355333.675409;
360, 500 128 355833.675409;
361, 350 0 356183.675409;
362, 356 128 356539.709777;
363, 410 0 356949.709777;
364, 1110 128 358059.709777;
365, 310 0 358369.709777;
366, 200 128 358569.709777;
367, 80 0 358649.709777;
368, 660 128 359309.709777;
369, 260 0 359569.709777;
370, 100 128 359669.709777;
371, 250 0 359919.709777;
372, 170 128 360089.709777;
373, 190 0 360279.709777;
374, 40 128 360319.709777;
375, 170 0 360489.709777;
376, 70 128 360559.709777;
377, 160 0 360719.709777;
378, 220 128 360939.709777;
379, 490 0 361429.709777;
380, 2040 128 363469.709777;
381, 260 0 363729.709777;
382, 220 128 363949.709777;
383, 220 0 364169.709777;
384, 350 128 364519.709777;
385, 240 0 364759.709777;
386, 60 128 364819.709777;
387, 200 0 365019.709777;
388, 90 128 365109.709777;
389, 180 0 365289.709777;
390, 100 128 365389.709777;
391, 160 0 365549.709777;
392, 90 128 365639.709777;
393, 130 0 365769.709777;
394, 2060 128 367829.709777;
395, 290 0 368119.709777;
396, 580 128 368699.709777;
397, 240 0 368939.709777;
398, 110 128 369049.709777;
399, 310 0 369359.709777;
400, 120 128 369479.709777;
401, 340 0 369819.709777;
402, 130 128 369949.709777;
403, 360 0 370309.709777;
404, 370 128 370679.709777;
405, 240 0 370919.709777;
406, 170 128 371089.709777;
407, 380 0 371469.709777;
408, 340 128 371809.709777;
409, 390 0 372199.709777;
410, 2560 128 374759.709777;
411, 480 0 375239.709777;
412, 490 128 375729.709777;
413, 4150 0 379879.709777;
414, 4430 128 384309.709777;
415, 260 0 384569.709777;
416, 3480 128 388049.709777;
417, 240 0 388289.709777;
418, 7500 128 395789.709777;
419, 180 0 395969.709777;
420, 60 128 396029.709777;
421, 190 0 396219.709777;
422, 5120 128 401339.709777;
423, 330 0 401669.709777;
424, 50 128 401719.709777;
425, 120 0 401839.709777;
426, 160 128 401999.709777;
427, 120 0 402119.709777;
428, 80 128 402199.709777;
429, 100 0 402299.709777;
430, 50 128 402349.709777;
431, 110 0 402459.709777;
432, 50 128 402509.709777;
433, 60 0 402569.709777;
434, 1970 128 404539.709777;
435, 120 0 404659.709777;
436, 2761 128 407421.471148;
437, 150 0 407571.471148;
438, 70 128 407641.471148;
439, 140 0 407781.471148;
440, 110 128 407891.471148;
441, 160 0 408051.471148;
442, 600 128 408651.471148;
443, 170 0 408821.471148;
444, 50 128 408871.471148;
445, 110 0 408981.471148;
446, 70 128 409051.471148;
447, 140 0 409191.471148;
448, 80 128 409271.471148;
449, 130 0 409401.471148;
450, 300 128 409701.471148;
451, 160 0 409861.471148;
452, 50 128 409911.471148;
453, 170 0 410081.471148;
454, 110 128 410191.471148;
455, 140 0 410331.471148;
456, 350 128 410681.471148;
457, 250 0 410931.471148;
458, 450 128 411381.471148;
459, 170 0 411551.471148;
460, 60 128 411611.471148;
461, 130 0 411741.471148;
462, 60 128 411801.471148;
463, 140 0 411941.471148;
464, 60 128 412001.471148;
465, 130 0 412131.471148;
466, 60 128 412191.471148;
467, 270 0 412461.471148;
468, 130 128 412591.471148;
469, 130 0 412721.471148;
470, 100 128 412821.471148;
471, 150 0 412971.471148;
472, 250 128 413221.471148;
473, 100 0 413321.471148;
474, 150 128 413471.471148;
475, 430 0 413901.471148;
476, 1120 128 415021.471148;
477, 170 0 415191.471148;
478, 50 128 415241.471148;
479, 140 0 415381.471148;
480, 1160 128 416541.471148;
481, 220 0 416761.471148;
482, 70 128 416831.471148;
483, 150 0 416981.471148;
484, 3110 128 420091.471148;
485, 140 0 420231.471148;
486, 100 128 420331.471148;
487, 150 0 420481.471148;
488, 50 128 420531.471148;
489, 150 0 420681.471148;
490, 80 128 420761.471148;
491, 110 0 420871.471148;
492, 80 128 420951.471148;
493, 150 0 421101.471148;
494, 60 128 421161.471148;
495, 160 0 421321.471148;
496, 110 128 421431.471148;
497, 140 0 421571.471148;
498, 10 128 421581.471148;
499, 230 0 421811.471148;
500, 50 128 421861.471148;
501, 140 0 422001.471148;
502, 60 128 422061.471148;
503, 110 0 422171.471148;
504, 2930 128 425101.471148;
505, 170 0 425271.471148;
506, 100 128 425371.471148;
507, 80 0 425451.471148;
508, 2580 128 428031.471148;
509, 170 0 428201.471148;
510, 60 128 428261.471148;
511, 200 0 428461.471148;
512, 110 128 428571.471148;
513, 390 0 428961.471148;
514, 300 128 429261.471148;
515, 170 0 429431.471148;
516, 70 128 429501.471148;
517, 390 0 429891.471148;
518, 170 128 430061.471148;
519, 770 0 430831.471148;
520, 150 128 430981.471148;
521, 380 0 431361.471148;
522, 230 128 431591.471148;
523, 580 0 432171.471148;
524, 120 128 432291.471148;
525, 380 0 432671.471148;
526, 160 128 432831.471148;
527, 420 0 433251.471148;
528, 530 128 433781.471148;
529, 310 0 434091.471148;
530, 160 128 434251.471148;
531, 370 0 434621.471148;
532, 350 128 434971.471148;
533, 250 0 435221.471148;
534, 90 128 435311.471148;
535, 370 0 435681.471148;
536, 90 128 435771.471148;
537, 230 0 436001.471148;
538, 210 128 436211.471148;
539, 410 0 436621.471148;
540, 110 128 436731.471148;
541, 160 0 436891.471148;
542, 80 128 436971.471148;
543, 230 0 437201.471148;
544, 8500 128 445701.471148;
545, 50 0 445751.471148;
546, 440 128 446191.471148;
547, 300 0 446491.471148;
548, 2318 128 448809.831716;
549, 300 0 449109.831716;
550, 5505 128 454615.204947;
551, 1200 0 455815.204947;
552, 190 128 456005.204947;
553, 980 0 456985.204947;
554, 160 128 457145.204947;
555, 900 0 458045.204947;
556, 1420 128 459465.204947;
557, 1890 0 461355.57502;
558, 2050 128 463405.57502;
559, 140 0 463545.57502;
560, 50 128 463595.57502;
561, 110 0 463705.57502;
562, 70 128 463775.57502;
563, 70 0 463845.57502;
564, 60 128 463905.57502;
565, 80 0 463985.57502;
566, 60 128 464045.57502;
567, 30 0 464075.57502;
568, 80 128 464155.57502;
569, 50 0 464205.57502;
570, 25649 128 489854.863835;
571, 380 0 490234.863835;
572, 140 128 490374.863835;
573, 500 0 490874.863835;
574, 650 128 491524.863835;
575, 310 0 491834.863835;
576, 260 128 492094.863835;
577, 450 0 492544.863835;
578, 150 128 492694.863835;
579, 210 0 492904.863835;
580, 1240 128 494144.863835;
581, 450 0 494594.863835;
582, 5690 128 500285.820024;
583, 250 0 500535.820024;
584, 50 128 500585.820024;
585, 210 0 500795.820024;
586, 50 128 500845.820024;
587, 120 0 500965.820024;
588, 6010 128 506976.205995;
589, 260 0 507236.205995;
590, 70 128 507306.205995;
591, 410 0 507717.236498;
592, 480 128 508197.236498;
593, 420 0 508617.236498;
594, 1499 128 510115.562915;
595, 272 0 510388.471568;
596, 70 128 510458.471568;
597, 490 0 510948.471568;
598, 90 128 511038.471568;
599, 420 0 511458.471568;
600, 90 128 511548.471568;
601, 370 0 511918.471568;
602, 90 128 512008.471568;
603, 220 0 512228.471568;
604, 5797 128 518030.860224;
605, 400 0 518425.860224;
606, 240 128 518665.860224;
607, 310 0 518975.860224;
608, 160 128 519135.860224;
609, 1390 0 520525.860224;
610, 26627 128 547153.383663;
611, 150 0 547303.383663;
612, 80 128 547383.383663;
613, 120 0 547503.383663;
614, 80 128 547583.383663;
615, 110 0 547693.383663;
616, 2420 128 550113.383663;
617, 480 0 550593.383663;
618, 810 128 551403.383663;
619, 888 0 552291.762469;
620, 150 128 552443.821066;
621, 510 0 552953.821066;
622, 100 128 553053.821066;
623, 490 0 553543.821066;
624, 140 128 553683.821066;
625, 1560 0 555243.821066;
626, 20636 128 575877.940654;
627, 140 0 576017.940654;
628, 50 128 576067.940654;
629, 130 0 576197.940654;
630, 60 128 576257.940654;
631, 190 0 576447.940654;
632, 2030 128 578477.940654;
633, 260 0 578737.940654;
634, 60 128 578797.940654;
635, 555 0 579353.310306;
636, 460 128 579813.310306;
637, 801 0 580614.636082;
638, 150 128 580764.636082;
639, 960 0 581724.636082;
640, 10112 128 591836.98366;
641, 170 0 592006.98366;
642, 60 128 592066.98366;
643, 150 0 592216.98366;
644, 50 128 592266.98366;
645, 130 0 592397.053825;
646, 50 128 592447.053825;
647, 253 0 592705.074318;
648, 10 128 592710.074318;
649, 156 0 592867.070931;
650, 4567 128 597434.323536;
651, 130 0 597589.389703;
652, 2138 128 599702.509554;
653, 260 0 599962.509554;
654, 4759 128 604721.773078;
655, 380 0 605101.773078;
656, 80 128 605181.773078;
657, 275 0 605456.817196;
658, 2343 128 607799.917672;
659, 1065 0 608870.497097;
660, 17743 128 626609.00328;
661, 170 0 626779.00328;
662, 30 128 626809.00328;
663, 150 0 626959.00328;
664, 50 128 627009.00328;
665, 120 0 627129.00328;
666, 1930 128 629059.00328;
667, 280 0 629339.00328;
668, 100 128 629439.00328;
669, 100 0 629539.00328;
670, 1590 128 631129.00328;
671, 147 0 631281.288258;
672, 150 128 631426.288258;
673, 110 0 631536.288258;
674, 70 128 631606.288258;
675, 180 0 631786.288258;
676, 10 128 631796.288258;
677, 120 0 631916.288258;
678, 60 128 631976.288258;
679, 170 0 632146.288258;
680, 5233 128 637379.439665;
681, 160 0 637539.439665;
682, 50 128 637589.439665;
683, 130 0 637719.439665;
684, 50 128 637769.439665;
685, 190 0 637959.439665;
686, 1667 128 639626.699049;
687, 427 0 640058.808375;
688, 70 128 640123.808375;
689, 230 0 640353.808375;
690, 737 128 641091.251595;
691, 150 0 641241.251595;
692, 60 128 641301.251595;
693, 244 0 641545.866;
694, 1825 128 643370.891971;
695, 116 0 643491.963301;
696, 970 128 644458.026276;
697, 120 0 644578.026276;
698, 80 128 644657.027037;
699, 150 0 644807.027037;
700, 50 128 644857.027037;
701, 120 0 644977.027037;
702, 60 128 645037.027037;
703, 140 0 645117.027037;
704, 2848 128 648028.21417;
705, 150 0 648178.21417;
706, 60 128 648238.21417;
707, 240 0 648478.21417;
708, 70 128 648548.21417;
709, 190 0 648738.21417;
710, 80 128 648818.21417;
711, 110 0 648928.21417;
712, 70 128 648998.21417;
713, 130 0 649128.21417;
714, 140 128 649268.21417;
715, 140 0 649408.21417;
716, 1599 128 651004.41409;
717, 80 0 651085.381442;
718, 720 128 651810.474344;
719, 157 0 651963.455469;
720, 1171 128 653134.512782;
721, 150 0 653284.512782;
722, 76 128 653360.76652;
723, 150 0 653510.76652;
724, 60 128 653570.76652;
725, 180 0 653750.76652;
726, 14421 128 668177.417982;
727, 246 0 668424.353352;
728, 24679 128 693098.611244;
729, 177 0 693275.773478;
730, 40 128 693315.773478;
731, 150 0 693465.773478;
732, 72 128 693542.811351;
733, 91 0 693634.803454;
734, 50 128 693679.820902;
735, 170 0 693849.820902;
736, 260 128 694109.820902;
737, 100 0 694209.820902;
738, 24443 128 718653.20124;
739, 377 0 719030.2443;
740, 30 128 719060.2443;
741, 583 0 719648.29915;
742, 130 128 719773.658888;
743, 380 0 720153.658888;
744, 739 128 720851.317854;
745, 748 0 721646.363974;
746, 1105 128 722755.473246;
747, 703 0 723454.508736;
748, 2087 128 725536.614635;
749, 208 0 725744.62447;
750, 480 128 726249.712174;
751, 716 0 726940.670738;
752, 16863 128 743809.518334;
753, 180 0 743989.518334;
754, 60 128 744049.518334;
755, 110 0 744159.518334;
756, 40 128 744199.518334;
757, 140 0 744339.518334;
758, 50 128 744389.518334;
759, 120 0 744509.518334;
760, 50 128 744559.518334;
761, 70 0 744629.518334;
762, 132 128 744761.706238;
763, 104 0 744866.68146;
764, 1126 128 745987.787717;
765, 100 0 746087.787717;
766, 70 128 746157.787717;
767, 110 0 746267.787717;
768, 80 128 746347.787717;
769, 90 0 746437.787717;
770, 30 128 746467.787717;
771, 112 0 746579.820226;
772, 60 128 746639.820226;
773, 20 0 746659.820226;
774, 1911 128 748570.934314;
775, 140 0 748710.934314;
776, 96 128 748806.941423;
777, 150 0 748956.941423;
778, 130 128 749086.941423;
779, 157 0 749248.951479;
780, 596 128 749839.983088;
781, 121 0 749961.029382;
782, 86 128 750048.023389;
783, 130 0 750178.023389;
784, 60 128 750238.023389;
785, 230 0 750468.023389;
786, 80 128 750548.023389;
787, 79 0 750578.023389;
788, 1422 128 752052.119639;
789, 150 0 752202.119639;
790, 60 128 752262.119639;
791, 120 0 752382.119639;
792, 50 128 752432.119639;
793, 120 0 752552.119639;
794, 1032 128 753554.185402;
795, 96 0 753683.187413;
796, 100 128 753779.178726;
797, 120 0 753899.178726;
798, 70 128 753939.178726;
799, 88 0 754056.224978;
800, 80 128 754136.224978;
801, 90 0 754226.224978;
802, 29557 128 783783.90203;
803, 150 0 783933.90203;
804, 50 128 783983.90203;
805, 300 0 784283.90203;
806, 40 128 784323.90203;
807, 130 0 784453.90203;
808, 10101 128 794555.499794;
809, 180 0 794735.499794;
810, 273 128 795013.56181;
811, 171 0 795179.566719;
812, 1747 128 796926.666311;
813, 159 0 797091.499285;
814, 30 128 797116.499285;
815, 150 0 797266.499285;
816, 60 128 797326.499285;
817, 120 0 797446.499285;
818, 500 128 797946.499285;
819, 110 0 798056.499285;
820, 120 128 798176.499285;
821, 110 0 798286.499285;
822, 90 128 798376.499285;
823, 110 0 798486.499285;
824, 100 128 798591.750823;
825, 101 0 798692.754622;
826, 210 128 798897.754622;
827, 110 0 799007.754622;
828, 90 128 799097.754622;
829, 110 0 799207.754622;
830, 80 128 799287.754622;
831, 130 0 799417.754622;
832, 40 128 799482.830775;
833, 150 0 799607.823898;
834, 70 128 799677.823898;
835, 130 0 799807.823898;
836, 70 128 799877.823898;
837, 120 0 799997.823898;
838, 50 128 800047.823898;
839, 130 0 800177.823898;
840, 80 128 800257.823898;
841, 110 0 800367.823898;
842, 60 128 800427.823898;
843, 110 0 800537.823898;
844, 2608 128 803145.991237;
845, 98 0 803244.986169;
846, 30 128 803274.986169;
847, 110 0 803384.986169;
848, 70 128 803455.193069;
849, 120 0 803575.193069;
850, 40 128 803615.193069;
851, 120 0 803735.193069;
852, 50 128 803785.193069;
853, 107 0 803893.062278;
854, 70 128 803963.062278;
855, 140 0 804103.062278;
856, 60 128 804163.062278;
857, 150 0 804313.062278;
858, 70 128 804383.062278;
859, 120 0 804503.062278;
860, 80 128 804583.062278;
861, 130 0 804713.062278;
862, 130 128 804843.062278;
863, 140 0 804983.062278;
864, 70 128 805053.062278;
865, 100 0 805153.062278;
866, 50 128 805203.062278;
867, 120 0 805323.062278;
868, 50 128 805373.062278;
869, 100 0 805473.062278;
870, 90 128 805563.062278;
871, 317 0 805885.152834;
872, 48 128 805928.159113;
873, 130 0 806058.159113;
874, 40 128 806098.159113;
875, 130 0 806228.159113;
876, 70 128 806298.159113;
877, 90 0 806388.159113;
878, 1428 128 807818.237987;
879, 30 0 807848.237987;
880, 1375 128 809221.314746;
881, 130 0 809351.314746;
882, 60 128 809411.314746;
883, 130 0 809541.314746;
884, 60 128 809601.314746;
885, 110 0 809711.314746;
886, 60 128 809771.314746;
887, 40 0 809811.314746;
888, 108 128 809919.411912;
889, 50 0 809969.411912;
890, 170 128 810139.411912;
891, 100 0 810239.447736;
892, 8140 128 818379.71904;
893, 175 0 818559.895463;
894, 70 128 818624.895463;
895, 150 0 818779.904415;
896, 1520 128 820294.904415;
897, 170 0 820464.904415;
898, 70 128 820534.904415;
899, 130 0 820664.904415;
900, 50 128 820714.904415;
901, 120 0 820834.904415;
902, 3334 128 824169.018782;
903, 180 0 824349.018782;
904, 80 128 824429.018782;
905, 170 0 824599.018782;
906, 50 128 824649.018782;
907, 120 0 824769.018782;
908, 50 128 824819.018782;
909, 160 0 824979.018782;
910, 10 128 824989.018782;
911, 150 0 825139.018782;
912, 480 128 825619.018782;
913, 120 0 825739.018782;
914, 104 128 825848.289119;
915, 108 0 825951.336009;
916, 64 128 826021.316573;
917, 148 0 826170.309165;
918, 1772 128 827937.320091;
919, 150 0 828087.320091;
920, 80 128 828167.320091;
921, 110 0 828277.320091;
922, 5158 128 833435.519895;
923, 130 0 833565.519895;
924, 130 128 833695.519895;
925, 90 0 833785.519895;
926, 3281 128 837066.946955;
927, 140 0 837206.946955;
928, 60 128 837266.946955;
929, 110 0 837376.946955;
930, 50 128 837426.946955;
931, 110 0 837536.946955;
932, 70 128 837606.946955;
933, 60 0 837666.946955;
934, 75 128 837741.993148;
935, 100 0 837841.993148;
936, 40 128 837881.993148;
937, 60 0 837941.993148;
938, 3587 128 841529.144491;
939, 340 0 841869.144491;
940, 7445 128 849317.528184;
941, 160 0 849477.528184;
942, 70 128 849547.528184;
943, 100 0 849647.528184;
944, 1740 128 851384.747131;
945, 280 0 851669.762771;
946, 71 128 851740.777232;
947, 100 0 851840.782095;
948, 102 128 851942.792429;
949, 80 0 852022.807567;
950, 1072 128 853089.826845;
951, 60 0 853149.826845;
952, 2840 128 855989.997397;
953, 290 0 856279.99992;
954, 70 128 856349.99992;
955, 60 0 856409.99992;
956, 108 128 856518.062533;
957, 100 0 856618.062533;
958, 50 128 856668.062533;
959, 120 0 856788.062533;
960, 40 128 856828.062533;
961, 120 0 856953.070178;
962, 50 128 856998.070178;
963, 90 0 857088.070178;
964, 80 128 857168.070178;
965, 197 0 857365.085265;
966, 80 128 857445.085265;
967, 120 0 857565.085265;
968, 430 128 857995.085265;
969, 20 0 858015.085265;
970, 159 128 858174.170416;
971, 110 0 858284.170416;
972, 70 128 858354.170416;
973, 121 0 858424.170416;
974, 137 128 858619.129403;
975, 145 0 858764.16197;
976, 0 128 858764.16197;
977, 230 0 858994.157292;
978, 80 128 859074.157292;
979, 140 0 859214.157292;
980, 2527 128 861737.248376;
981, 110 0 861847.248376;
982, 70 128 861917.248376;
983, 100 0 862017.248376;
984, 1374 128 863391.383695;
985, 110 0 863501.383695;
986, 4287 128 867788.66197;
987, 350 0 868138.689426;
988, 70 128 868208.689426;
989, 120 0 868328.71433;
990, 250 128 868578.71433;
991, 130 0 868708.71433;
992, 70 128 868778.71433;
993, 120 0 868898.71433;
994, 50 128 868948.71433;
995, 90 0 869038.71433;
996, 100 128 869138.71433;
997, 60 0 869198.71433;
998, 498 128 869696.771721;
999, 120 0 869816.771721;
1000, 16101 128 885918.710849;
1001, 130 0 886048.710849;
1002, 150 128 886198.710849;
1003, 90 0 886288.710849;
1004, 1291 128 887579.877373;
1005, 170 0 887749.877373;
1006, 270 128 888019.877373;
1007, 120 0 888139.877373;
1008, 80 128 888219.877373;
1009, 120 0 888339.877373;
1010, 700 128 889039.877373;
1011, 60 0 889099.877373;
1012, 220 128 889319.877373;
1013, 160 0 889479.877373;
1014, 60 128 889539.877373;
1015, 290 0 889829.877373;
1016, 80 128 889909.877373;
1017, 110 0 890019.877373;
1018, 80 128 890099.877373;
1019, 70 0 890169.877373;
1020, 5559 128 895729.20043;
1021, 150 0 895879.20043;
1022, 60 128 895939.20043;
1023, 133 0 896072.280153;
1024, 13346 128 909424.044438;
1025, 0 0 909424.044438;
1026, 147 128 909572.036954;
1027, 41 0 909613.057517;
1028, 126 128 909708.057517;
1029, 180 0 909915.048408;
1030, 504 128 910419.295658;
1031, 237 0 910657.11788;
1032, 438 128 911095.140413;
1033, 145 0 911241.132946;
1034, 50 128 911291.132946;
1035, 140 0 911431.132946;
1036, 50 128 911481.132946;
1037, 200 0 911681.132946;
1038, 11260 128 922946.773731;
1039, 79 0 923025.809692;
1040, 1072 128 924093.801369;
1041, 123 0 924216.903867;
1042, 98 128 924315.87407;
1043, 134 0 924449.897853;
1044, 60 128 924509.897853;
1045, 157 0 924694.920818;
1046, 10 128 924694.920818;
1047, 381 0 925058.926777;
1048, 130 128 925188.936732;
1049, 220 0 925408.936732;
1050, 4718 128 930127.193265;
1051, 240 0 930367.193265;
1052, 60 128 930427.193265;
1053, 80 0 930507.193265;
1054, 20 128 930527.193265;
1055, 100 0 930627.193265;
1056, 70 128 930697.193265;
1057, 110 0 930807.193265;
1058, 70 128 930877.193265;
1059, 210 0 931087.193265;
1060, 70 128 931157.193265;
1061, 110 0 931267.193265;
1062, 40 128 931307.193265;
1063, 100 0 931407.193265;
1064, 70 128 931477.193265;
1065, 90 0 931567.193265;
1066, 75 128 931642.313521;
1067, 50 0 931692.313521;
1068, 1092 128 932789.389551;
1069, 134 0 932924.367411;
1070, 201 128 933125.390132;
1071, 0 0 933125.390132;
1072, 1366 128 934486.398008;
1073, 50 0 934536.398008;
1074, 1023 128 935559.484068;
1075, 140 0 935699.484068;
1076, 70 128 935769.484068;
1077, 130 0 935899.484068;
1078, 40 128 935939.484068;
1079, 160 0 936099.484068;
1080, 60 128 936159.484068;
1081, 140 0 936299.484068;
1082, 1699 128 937998.620766;
1083, 150 0 938148.620766;
1084, 50 128 938198.620766;
1085, 148 0 938351.673112;
1086, 20 128 938366.673112;
1087, 141 0 938512.693584;
1088, 0 128 938512.693584;
1089, 110 0 938617.693584;
1090, 64 128 938681.702883;
1091, 120 0 938801.702883;
1092, 40 128 938841.702883;
1093, 200 0 939041.702883;
1094, 20 128 939061.702883;
1095, 611 0 939672.783914;
1096, 40 128 939712.783914;
1097, 170 0 939882.783914;
1098, 50 128 939932.783914;
1099, 150 0 940082.783914;
1100, 40 128 940122.783914;
1101, 175 0 940303.772472;
1102, 715 128 941013.839343;
1103, 390 0 941403.839343;
1104, 10 128 941413.839343;
1105, 150 0 941563.839343;
1106, 50 128 941613.839343;
1107, 390 0 942008.900746;
1108, 0 128 942008.900746;
1109, 312 0 942320.960315;
1110, 162 128 942483.928122;
1111, 119 0 942603.908273;
1112, 2368 128 944967.026155;
1113, 150 0 945117.026155;
1114, 120 128 945242.056963;
1115, 113 0 945307.387125;
1116, 330 128 945680.073824;
1117, 200 0 945880.073824;
1118, 40 128 945920.073824;
1119, 130 0 946050.073824;
1120, 50 128 946100.073824;
1121, 121 0 946190.073824;
1122, 477 128 946703.136102;
1123, 197 0 946900.147883;
1124, 110 128 947005.147883;
1125, 336 0 947346.185237;
1126, 30 128 947371.185237;
1127, 210 0 947581.185237;
1128, 3295 128 950876.375005;
1129, 136 0 950916.375005;
1130, 91 128 951109.413246;
1131, 110 0 951214.413246;
1132, 50 128 951264.413246;
1133, 250 0 951514.413246;
1134, 1633 128 953147.483188;
1135, 140 0 953287.483188;
1136, 80 128 953367.483188;
1137, 100 0 953467.483188;
1138, 80 128 953547.483188;
1139, 120 0 953667.483188;
1140, 60 128 953727.483188;
1141, 60 0 953787.483188;
1142, 50 128 953837.483188;
1143, 110 0 953947.570908;
1144, 50 128 953997.570908;
1145, 90 0 954087.570908;
1146, 155 128 954242.645917;
1147, 120 0 954362.645917;
1148, 80 128 954442.645917;
1149, 100 0 954542.645917;
1150, 60 128 954602.645917;
1151, 90 0 954692.645917;
1152, 75 128 954772.693766;
1153, 105 0 954873.640977;
1154, 770 128 955643.640977;
1155, 133 0 955776.664814;
1156, 69 128 955851.635495;
1157, 220 0 956066.635495;
1158, 60 128 956126.635495;
1159, 100 0 956226.635495;
1160, 50 128 956276.635495;
1161, 50 0 956326.635495;
1162, 2762 128 959093.866104;
1163, 126 0 959219.871784;
1164, 0 128 959219.871784;
1165, 201 0 959421.863803;
1166, 1074 128 960490.945379;
1167, 162 0 960657.990989;
1168, 20 128 960672.990989;
1169, 140 0 960812.990989;
1170, 50 128 960862.990989;
1171, 260 0 961122.990989;
1172, 1163 128 962287.042646;
1173, 209 0 962500.047116;
1174, 76 128 962576.056253;
1175, 118 0 962689.059462;
1176, 80 128 962769.059462;
1177, 140 0 962909.059462;
1178, 10039 128 972948.615173;
1179, 202 0 973155.632149;
1180, 58 128 973213.636892;
1181, 72 0 973280.647271;
1182, 137 128 973423.645472;
1183, 201 0 973624.670853;
1184, 776 128 974395.753195;
1185, 238 0 974639.744935;
1186, 637 128 975276.790959;
1187, 91 0 975363.773213;
1188, 10 128 975373.773213;
1189, 160 0 975539.767429;
1190, 3803 128 979337.959364;
1191, 110 0 979447.959364;
1192, 6191 128 985639.325287;
1193, 200 0 985839.325287;
1194, 20 128 985859.325287;
1195, 170 0 986029.325287;
1196, 90 128 986119.325287;
1197, 180 0 986299.325287;
1198, 1502 128 987806.444026;
1199, 220 0 988021.444026;
1200, 80 128 988101.444026;
1201, 100 0 988201.444026;
1202, 80 128 988281.444026;
1203, 120 0 988401.444026;
1204, 40 128 988441.444026;
1205, 230 0 988676.529997;
1206, 88 128 988765.527574;
1207, 200 0 988960.527574;
1208, 10 128 988970.527574;
1209, 218 0 989193.579912;
1210, 0 128 989193.579912;
1211, 100 0 989288.579912;
1212, 144 128 989298.579912;
1213, 146 0 989584.572852;
1214, 0 128 989584.572852;
1215, 135 0 989714.597834;
1216, 10 128 989724.597834;
1217, 179 0 989909.596923;
1218, 104 128 990013.618046;
1219, 40 0 990048.618046;
1220, 20 128 990068.618046;
1221, 188 0 990261.618465;
1222, 0 128 990261.618465;
1223, 114 0 990371.602047;
1224, 2545 128 992916.768066;
1225, 201 0 993118.755244;
1226, 1576 128 994694.857938;
1227, 140 0 994834.857938;
1228, 399 128 995233.928818;
1229, 130 0 995364.917296;
1230, 60 128 995424.917296;
1231, 707 0 996130.932468;
1232, 1379 128 997510.030842;
1233, 170 0 997680.030842;
1234, 30 128 997710.030842;
1235, 120 0 997830.030842;
1236, 80 128 997910.030842;
1237, 60 0 997970.030842;
1238, 147 128 998122.068074;
1239, 82 0 998205.060259;
1240, 0 128 998205.060259;
1241, 221 0 998421.084873;
1242, 80 128 998501.084873;
1243, 90 0 998591.084873;
1244, 80 128 998671.084873;
1245, 70 0 998741.084873;
1246, 50 128 998791.084873;
1247, 100 0 998891.084873;
1248, 80 128 998971.084873;
1249, 90 0 999061.084873;
1250, 1264 128 1000330.207592;
1251, 100 0 1000431.186313;
1252, 79 128 1000510.210875;
1253, 110 0 1000615.210875;
1254, 3186 128 1003801.375039;
1255, 145 0 1003946.383577;
1256, 60 128 1004006.383577;
1257, 220 0 1004226.383577;
1258, 70 128 1004296.383577;
1259, 120 0 1004416.383577;
1260, 65 128 1004481.426046;
1261, 120 0 1004601.426046;
1262, 70 128 1004671.426046;
1263, 140 0 1004811.426046;
1264, 40 128 1004851.426046;
1265, 380 0 1005231.426046;
1266, 594 128 1005830.496367;
1267, 85 0 1005915.53164;
1268, 70 128 1005980.53164;
1269, 100 0 1006080.53164;
1270, 3530 128 1009610.727232;
1271, 110 0 1009720.727232;
1272, 100 128 1009820.727232;
1273, 150 0 1009970.727232;
1274, 50 128 1010020.727232;
1275, 190 0 1010210.727232;
1276, 700 128 1010910.727232;
1277, 130 0 1011040.727232;
1278, 90 128 1011130.727232;
1279, 110 0 1011240.727232;
1280, 70 128 1011310.727232;
1281, 130 0 1011440.727232;
1282, 130 128 1011570.727232;
1283, 160 0 1011730.727232;
1284, 370 128 1012100.727232;
1285, 200 0 1012300.727232;
1286, 340 128 1012640.727232;
1287, 250 0 1012890.727232;
1288, 120 128 1013010.727232;
1289, 150 0 1013160.727232;
1290, 90 128 1013250.727232;
1291, 150 0 1013400.727232;
1292, 8015 128 1021416.366281;
1293, 192 0 1021608.404511;
1294, 950 128 1022558.44073;
1295, 150 0 1022709.423821;
1296, 2022 128 1024731.546723;
1297, 70 0 1024801.546723;
1298, 120 128 1024921.546723;
1299, 90 0 1025011.546723;
1300, 110 128 1025121.546723;
1301, 170 0 1025296.60286;
1302, 82 128 1025379.586686;
1303, 67 0 1025446.601986;
1304, 50 128 1025491.601986;
1305, 140 0 1025561.601986;
1306, 48 128 1025685.613127;
1307, 83 0 1025769.597789;
1308, 30 128 1025794.597789;
1309, 140 0 1025934.597789;
1310, 112 128 1026051.616725;
1311, 90 0 1026136.616725;
1312, 3774 128 1029910.871369;
1313, 140 0 1030050.871369;
1314, 90 128 1030140.871369;
1315, 140 0 1030280.885952;
1316, 80 128 1030360.885952;
1317, 220 0 1030580.885952;
1318, 220 128 1030800.885952;
1319, 245 0 1031045.918375;
1320, 1975 128 1033026.030834;
1321, 308 0 1033334.047166;
1322, 86 128 1033420.069595;
1323, 193 0 1033613.073096;
1324, 300 128 1033908.085931;
1325, 120 0 1034028.085931;
1326, 50 128 1034078.085931;
1327, 140 0 1034218.085931;
1328, 60 128 1034278.085931;
1329, 90 0 1034368.085931;
1330, 148 128 1034521.133429;
1331, 183 0 1034705.119154;
1332, 80 128 1034780.119154;
1333, 150 0 1034930.119154;
1334, 80 128 1035014.159511;
1335, 130 0 1035144.159511;
1336, 4606 128 1039751.423929;
1337, 0 0 1039751.423929;
1338, 411 128 1040163.422248;
1339, 170 0 1040333.422499;
1340, 102 128 1040435.458291;
1341, 50 0 1040480.458291;
1342, 90 128 1040570.458291;
1343, 450 0 1041020.458291;
1344, 1228 128 1042248.563923;
1345, 133 0 1042386.594812;
1346, 84 128 1042471.590568;
1347, 95 0 1042561.593946;
1348, 50 128 1042611.593946;
1349, 153 0 1042769.611848;
1350, 51 128 1042821.590302;
1351, 50 0 1042866.590302;
1352, 92 128 1042958.637485;
1353, 120 0 1043078.637485;
1354, 40 128 1043118.637485;
1355, 90 0 1043208.637485;
1356, 70 128 1043278.637485;
1357, 100 0 1043378.637485;
1358, 60 128 1043438.637485;
1359, 50 0 1043488.637485;
1360, 3398 128 1046886.802841;
1361, 150 0 1047036.802841;
1362, 130 128 1047166.802841;
1363, 380 0 1047546.802841;
1364, 1652 128 1049198.938222;
1365, 161 0 1049364.947287;
1366, 30 128 1049389.947287;
1367, 130 0 1049519.947287;
1368, 60 128 1049579.947287;
1369, 90 0 1049669.947287;
1370, 70 128 1049739.947287;
1371, 90 0 1049829.947287;
1372, 50 128 1049879.947287;
1373, 60 0 1049939.947287;
1374, 50 128 1049989.947287;
1375, 110 0 1050099.947287;
1376, 60 128 1050159.947287;
1377, 90 0 1050249.947287;
1378, 60 128 1050309.947287;
1379, 60 0 1050369.947287;
1380, 5135 128 1055510.310046;
1381, 125 0 1055631.292958;
1382, 130 128 1055761.292958;
1383, 235 0 1055996.347503;
1384, 130 128 1056126.347503;
1385, 60 0 1056186.347503;
1386, 1675 128 1057861.432209;
1387, 120 0 1057981.432209;
1388, 60 128 1058041.432209;
1389, 161 0 1058202.446145;
1390, 60 128 1058262.446145;
1391, 115 0 1058382.512818;
