0, 0 128 146773.859131;
1, 230 0 147003.859131;
2, 110 128 147113.859131;
3, 170 0 147283.859131;
4, 970 128 148253.859131;
5, 320 0 148573.859131;
6, 86659 128 235233.675409;
7, 270 0 235503.675409;
8, 70 128 235573.675409;
9, 120 0 235693.675409;
10, 168336 128 404029.709777;
11, 130 0 404159.709777;
12, 60 128 404219.709777;
13, 80 0 404299.709777;
14, 50 128 404349.709777;
15, 100 0 404449.709777;
16, 14881 128 419331.471148;
17, 130 0 419461.471148;
18, 80 128 419541.471148;
19, 130 0 419671.471148;
20, 80 128 419751.471148;
21, 120 0 419871.471148;
22, 28018 128 447889.831716;
23, 370 0 448259.831716;
24, 181819 128 630079.00328;
25, 130 0 630209.00328;
26, 80 128 630289.00328;
27, 130 0 630419.00328;
28, 122626 128 753045.156904;
29, 106 0 753151.170213;
30, 1265 128 754416.224978;
31, 170 0 754586.224978;
32, 23543 128 778129.477062;
33, 190 0 778319.477062;
34, 17800 128 796119.566719;
35, 130 0 796249.566719;
36, 80 128 796329.566719;
37, 150 0 796479.566719;
38, 50 128 796529.566719;
39, 130 0 796659.566719;
40, 60 128 796719.566719;
41, 97 0 796816.666311;
42, 10133 128 806955.226875;
43, 103 0 807053.270356;
44, 52 128 807133.237987;
45, 270 0 807378.237987;
46, 70 128 807448.237987;
47, 70 0 807518.237987;
48, 100 128 807618.237987;
49, 80 0 807698.237987;
50, 4719 128 812415.502447;
51, 130 0 812545.502447;
52, 80 128 812625.502447;
53, 150 0 812780.5591;
54, 80 128 812855.5591;
55, 138 0 813019.58468;
56, 120 128 813116.581768;
57, 70 0 813186.581768;
58, 90 128 813276.581768;
59, 110 0 813386.581768;
60, 120 128 813506.581768;
61, 70 0 813576.581768;
62, 95 128 813627.731873;
63, 83 0 813751.620772;
64, 12673 128 826425.309165;
65, 122 0 826547.320091;
66, 70 128 826617.320091;
67, 110 0 826727.320091;
68, 80 128 826807.320091;
69, 70 0 826877.320091;
70, 80 128 826957.320091;
71, 110 0 827067.320091;
72, 70 128 827137.320091;
73, 80 0 827217.320091;
74, 90 128 827307.320091;
75, 100 0 827407.320091;
76, 80 128 827487.320091;
77, 80 0 827567.320091;
78, 120 128 827687.320091;
79, 110 0 827797.320091;
80, 64192 128 891989.877373;
81, 140 0 892129.877373;
82, 60 128 892189.877373;
83, 110 0 892299.877373;
84, 80 128 892379.877373;
85, 80 0 892459.877373;
86, 150 128 892609.877373;
87, 90 0 892699.877373;
