0, 0 9000 19154.709476;
1, 230 -1 19384.709476;
2, 0 27000 19384.709476;
3, 60 22500 19444.709476;
4, 60 18000 19504.709476;
5, 10 -1 19514.709476;
6, 11580 0 31094.709476;
7, 150 -1 31244.709476;
8, 11620 0 42864.709476;
9, 100 -1 42964.709476;
10, 4860 0 47824.709476;
11, 130 -1 47954.709476;
12, 1350 27000 49304.709476;
13, 120 -1 49424.709476;
14, 1080 9000 50504.709476;
15, 170 -1 50674.709476;
16, 1030 18000 51704.709476;
17, 120 -1 51824.709476;
18, 26790 9000 78614.709476;
19, 150 -1 78764.709476;
20, 1370 9000 80134.709476;
21, 230 -1 80364.709476;
22, 1750 0 82114.709476;
23, 210 -1 82324.709476;
24, 2480 9000 84804.709476;
25, 840 13500 85644.709476;
26, 200 9000 85844.709476;
27, 790 -1 86634.709476;
28, 410 9000 87044.709476;
29, 220 -1 87264.709476;
30, 380 9000 87644.709476;
31, 1220 -1 88864.709476;
32, 280 27000 89144.709476;
33, 1060 -1 90204.709476;
34, 280 9000 90484.709476;
35, 4490 -1 94974.709476;
36, 190 27000 95164.709476;
37, 540 31500 95704.709476;
38, 120 0 95824.709476;
39, 10 -1 95834.709476;
40, 700 9000 96534.709476;
41, 550 -1 97084.709476;
42, 260 9000 97344.709476;
43, 790 -1 98134.709476;
44, 310 27000 98444.709476;
45, 400 -1 98844.709476;
46, 150 27000 98994.709476;
47, 1000 -1 99994.709476;
48, 260 9000 100254.709476;
49, 480 -1 100734.709476;
50, 160 9000 100894.709476;
51, 410 -1 101304.709476;
52, 250 27000 101554.709476;
53, 170 -1 101724.709476;
54, 170 9000 101894.709476;
55, 770 -1 102664.709476;
56, 520 27000 103184.709476;
57, 200 -1 103384.709476;
58, 160 9000 103544.709476;
59, 640 -1 104184.709476;
60, 370 9000 104554.709476;
61, 3790 -1 108344.709476;
62, 230 27000 108574.709476;
63, 530 -1 109104.709476;
64, 130 9000 109234.709476;
65, 3590 -1 112824.709476;
66, 250 27000 113074.709476;
67, 720 -1 113794.709476;
68, 150 9000 113944.709476;
69, 7020 4500 120964.709476;
70, 630 9000 121594.709476;
71, 1420 4500 123014.709476;
72, 490 9000 123504.709476;
73, 1110 4500 124614.709476;
74, 260 0 124874.709476;
75, 50 31500 124924.709476;
76, 70 27000 124994.709476;
77, 1390 31500 126384.709476;
78, 550 27000 126934.709476;
79, 100 22500 127034.709476;
80, 190 27000 127224.709476;
81, 60 22500 127284.709476;
82, 600 27000 127884.709476;
83, 20 31500 127904.709476;
84, 930 0 128834.709476;
85, 30 4500 128864.709476;
86, 100 9000 128964.709476;
87, 670 -1 129634.709476;
88, 430 9000 130064.709476;
89, 2580 4500 132644.709476;
90, 110 0 132754.709476;
91, 460 4500 133214.709476;
92, 220 9000 133434.709476;
93, 1660 4500 135094.709476;
94, 210 9000 135304.709476;
95, 160 4500 135464.709476;
96, 840 9000 136304.709476;
97, 280 -1 136584.709476;
98, 460 9000 137044.709476;
99, 730 4500 137774.709476;
100, 880 9000 138654.709476;
101, 850 -1 139504.709476;
102, 210 27000 139714.709476;
103, 130 -1 139844.709476;
104, 390 9000 140234.709476;
105, 650 4500 140884.709476;
106, 1530 9000 142414.709476;
107, 70 -1 142484.709476;
108, 360 9000 142844.709476;
109, 440 4500 143284.709476;
110, 60 9000 143344.709476;
111, 10 4500 143354.709476;
112, 10 9000 143364.709476;
113, 700 4500 144064.709476;
114, 40 9000 144104.709476;
115, 40 -1 144144.709476;
116, 260 9000 144404.709476;
117, 100 -1 144504.709476;
118, 170 9000 144674.709476;
119, 790 -1 145464.709476;
120, 320 9000 145784.709476;
121, 130 13500 145914.709476;
122, 20 18000 145934.709476;
123, 20 -1 145954.709476;
124, 190 27000 146144.709476;
125, 460 22500 146604.709476;
126, 20 18000 146624.709476;
127, 20 -1 146644.709476;
128, 180 22500 146824.709476;
129, 10 27000 146834.709476;
130, 320 31500 147154.709476;
131, 20 0 147174.709476;
132, 10 9000 147184.709476;
133, 690 4500 147874.709476;
134, 580 0 148454.709476;
135, 10 -1 148464.709476;
136, 200 27000 148664.709476;
137, 1390 31500 150054.709476;
138, 480 0 150534.709476;
139, 250 4500 150784.709476;
140, 40 9000 150824.709476;
141, 1020 4500 151844.709476;
142, 170 0 152014.709476;
143, 20 -1 152034.709476;
144, 250 9000 152284.709476;
145, 1460 -1 153744.709476;
146, 360 27000 154104.709476;
147, 170 31500 154274.709476;
148, 1680 27000 155954.709476;
149, 60 -1 156014.709476;
150, 180 27000 156194.709476;
151, 330 -1 156524.709476;
152, 210 9000 156734.709476;
153, 570 13500 157304.709476;
154, 40 18000 157344.709476;
155, 20 22500 157364.709476;
156, 10 27000 157374.709476;
157, 20 -1 157394.709476;
158, 50 13500 157444.709476;
159, 20 9000 157464.709476;
160, 1950 4500 159414.709476;
161, 370 0 159784.709476;
162, 320 31500 160104.709476;
163, 170 27000 160274.709476;
164, 1560 31500 161834.709476;
165, 320 0 162154.709476;
166, 520 4500 162674.709476;
167, 80 9000 162754.709476;
168, 450 4500 163204.709476;
169, 810 9000 164014.709476;
170, 1120 4500 165134.709476;
171, 240 0 165374.709476;
172, 310 31500 165684.709476;
173, 110 27000 165794.709476;
174, 20 31500 165814.709476;
175, 30 27000 165844.709476;
176, 190 31500 166034.709476;
177, 90 0 166124.709476;
178, 90 4500 166214.709476;
179, 100 9000 166314.709476;
180, 570 4500 166884.709476;
181, 50 0 166934.709476;
182, 90 31500 167024.709476;
183, 120 27000 167144.709476;
184, 1700 22500 168844.709476;
185, 100 27000 168944.709476;
186, 2180 22500 171124.709476;
187, 30 18000 171154.709476;
188, 10 -1 171164.709476;
189, 240 9000 171404.709476;
190, 360 -1 171764.709476;
191, 50 27000 171814.709476;
192, 700 31500 172514.709476;
193, 820 27000 173334.709476;
194, 1660 -1 174994.709476;
195, 267 9000 175224.709476;
196, 200 -1 175462.352586;
197, 12700 9000 188162.352586;
198, 720 4500 188882.352586;
199, 450 9000 189332.352586;
200, 20 -1 189352.352586;
201, 3730 27000 193082.352586;
202, 320 -1 193402.352586;
203, 170 0 193572.352586;
204, 10 4500 193582.352586;
205, 40 0 193622.352586;
206, 90 4500 193712.352586;
207, 0 0 193712.352586;
208, 40 -1 193752.352586;
209, 590 9000 194342.352586;
210, 180 -1 194522.352586;
211, 150 0 194672.352586;
212, 10 4500 194682.352586;
213, 30 0 194712.352586;
214, 250 -1 194962.352586;
215, 970 0 195932.352586;
216, 10 4500 195942.352586;
217, 20 0 195962.352586;
218, 250 -1 196212.352586;
219, 3520 0 199732.352586;
220, 90 -1 199822.352586;
221, 5450 9000 205272.352586;
222, 3270 -1 208542.352586;
223, 230 9000 208772.352586;
224, 200 4500 208972.352586;
225, 30 9000 209002.352586;
226, 80 4500 209082.352586;
227, 320 9000 209402.352586;
228, 920 -1 210322.352586;
229, 330 9000 210652.352586;
230, 100 4500 210752.352586;
231, 620 9000 211372.352586;
232, 80 -1 211452.352586;
233, 220 27000 211672.352586;
234, 80 -1 211752.352586;
235, 490 27000 212242.352586;
236, 1020 -1 213262.352586;
237, 30 27000 213292.352586;
238, 720 31500 214012.352586;
239, 70 0 214082.352586;
240, 10 -1 214092.352586;
241, 180 9000 214272.352586;
242, 290 4500 214562.352586;
243, 400 9000 214962.352586;
244, 10 -1 214972.352586;
245, 440 27000 215412.352586;
246, 980 -1 216392.352586;
247, 300 27000 216692.352586;
248, 80 -1 216772.352586;
249, 340 27000 217112.352586;
250, 270 -1 217382.352586;
251, 250 27000 217632.352586;
252, 230 31500 217862.352586;
253, 380 27000 218242.352586;
254, 710 31500 218952.352586;
255, 460 27000 219412.352586;
256, 250 31500 219662.352586;
257, 80 27000 219742.352586;
258, 1640 31500 221382.352586;
259, 460 27000 221842.352586;
260, 50 -1 221892.352586;
261, 430 4500 222322.352586;
262, 1480 9000 223802.352586;
263, 60 -1 223862.352586;
264, 710 9000 224572.352586;
265, 200 4500 224772.352586;
266, 380 0 225152.352586;
267, 230 31500 225382.352586;
268, 90 27000 225472.352586;
269, 20 -1 225492.352586;
270, 370 27000 225862.352586;
271, 850 -1 226712.352586;
272, 160 4500 226872.352586;
273, 100 0 226972.352586;
274, 610 4500 227582.352586;
275, 80 0 227662.352586;
276, 150 4500 227812.352586;
277, 1050 9000 228862.352586;
278, 140 13500 229002.352586;
279, 220 9000 229222.352586;
280, 50 4500 229272.352586;
281, 100 0 229372.352586;
282, 250 4500 229622.352586;
283, 230 0 229852.352586;
284, 0 -1 229852.352586;
285, 140 9000 229992.352586;
286, 550 4500 230542.352586;
287, 120 0 230662.352586;
288, 370 4500 231032.352586;
289, 420 0 231452.352586;
290, 80 31500 231532.352586;
291, 30 27000 231562.352586;
292, 260 31500 231822.352586;
293, 1130 0 232952.352586;
294, 110 -1 233062.352586;
295, 90 9000 233152.352586;
296, 50 -1 233202.352586;
297, 180 9000 233382.352586;
298, 80 4500 233462.352586;
299, 340 0 233802.352586;
300, 230 31500 234032.352586;
301, 1050 0 235082.352586;
302, 70 4500 235152.352586;
303, 980 0 236132.352586;
304, 230 31500 236362.352586;
305, 420 0 236782.352586;
306, 30 -1 236812.352586;
307, 280 27000 237092.352586;
308, 530 -1 237622.352586;
309, 340 27000 237962.352586;
310, 490 -1 238452.352586;
311, 350 9000 238802.352586;
312, 140 4500 238942.352586;
313, 170 0 239112.352586;
314, 40 -1 239152.352586;
315, 120 9000 239272.352586;
316, 230 -1 239502.352586;
317, 250 0 239752.352586;
318, 250 31500 240002.352586;
319, 280 0 240282.352586;
320, 320 4500 240602.352586;
321, 220 -1 240822.352586;
322, 240 9000 241062.352586;
323, 1610 4500 242672.352586;
324, 240 9000 242912.352586;
325, 130 -1 243042.352586;
326, 400 9000 243442.352586;
327, 200 -1 243642.352586;
328, 190 27000 243832.352586;
329, 10 31500 243842.352586;
330, 70 0 243912.352586;
331, 150 31500 244062.352586;
332, 110 0 244172.352586;
333, 280 4500 244452.352586;
334, 60 9000 244512.352586;
335, 30 -1 244542.352586;
336, 430 27000 244972.352586;
337, 150 31500 245122.352586;
338, 490 0 245612.352586;
339, 160 31500 245772.352586;
340, 220 27000 245992.352586;
341, 40 -1 246032.352586;
342, 380 9000 246412.352586;
343, 120 -1 246532.352586;
344, 490 9000 247022.352586;
345, 250 4500 247272.352586;
346, 270 9000 247542.352586;
347, 430 4500 247972.352586;
348, 320 0 248292.352586;
349, 350 4500 248642.352586;
350, 130 9000 248772.352586;
351, 380 4500 249152.352586;
352, 250 0 249402.352586;
353, 50 31500 249452.352586;
354, 320 0 249772.352586;
355, 90 4500 249862.352586;
356, 10 9000 249872.352586;
357, 20 -1 249892.352586;
358, 180 0 250072.352586;
359, 0 31500 250072.352586;
360, 520 27000 250592.352586;
361, 130 31500 250722.352586;
362, 190 -1 250912.352586;
363, 190 9000 251102.352586;
364, 440 4500 251542.352586;
365, 1380 0 252922.352586;
366, 20 -1 252942.352586;
367, 180 27000 253122.352586;
368, 170 31500 253292.352586;
369, 50 -1 253342.352586;
370, 20 9000 253362.352586;
371, 830 4500 254192.352586;
372, 40 -1 254232.352586;
373, 490 27000 254722.352586;
374, 2180 -1 256902.352586;
375, 190 9000 257092.352586;
376, 3080 -1 260172.352586;
377, 170 18000 260342.352586;
378, 50 22500 260392.352586;
379, 60 27000 260452.352586;
380, 790 -1 261242.352586;
381, 200 27000 261442.352586;
382, 740 -1 262182.352586;
383, 440 18000 262622.352586;
384, 40 27000 262662.352586;
385, 380 31500 263042.352586;
386, 260 0 263302.352586;
387, 600 -1 263902.352586;
388, 160 0 264062.352586;
389, 30 31500 264092.352586;
390, 40 27000 264132.352586;
391, 590 31500 264722.352586;
392, 90 0 264812.352586;
393, 50 -1 264862.352586;
394, 160 9000 265022.352586;
395, 330 4500 265352.352586;
396, 170 0 265522.352586;
397, 390 4500 265912.352586;
398, 780 9000 266692.352586;
399, 20 -1 266712.352586;
400, 260 27000 266972.352586;
401, 340 31500 267312.352586;
402, 970 27000 268282.352586;
403, 70 -1 268352.352586;
404, 50 27000 268402.352586;
405, 1030 31500 269432.352586;
406, 40 0 269472.352586;
407, 370 4500 269842.352586;
408, 40 9000 269882.352586;
409, 960 -1 270842.352586;
410, 190 27000 271032.352586;
411, 180 31500 271212.352586;
412, 10 0 271222.352586;
413, 10 -1 271232.352586;
414, 20 9000 271252.352586;
415, 10 4500 271262.352586;
416, 280 0 271542.352586;
417, 40 31500 271582.352586;
418, 110 27000 271692.352586;
419, 400 31500 272092.352586;
420, 20 27000 272112.352586;
421, 10 -1 272122.352586;
422, 50 9000 272172.352586;
423, 150 -1 272322.352586;
424, 310 9000 272632.352586;
425, 780 4500 273412.352586;
426, 40 0 273452.352586;
427, 30 31500 273482.352586;
428, 330 0 273812.352586;
429, 420 31500 274232.352586;
430, 130 27000 274362.352586;
431, 10 -1 274372.352586;
432, 240 9000 274612.352586;
433, 360 4500 274972.352586;
434, 680 9000 275652.352586;
435, 70 -1 275722.352586;
436, 310 9000 276032.352586;
437, 290 -1 276322.352586;
438, 110 27000 276432.352586;
439, 160 -1 276592.352586;
440, 560 27000 277152.352586;
441, 470 -1 277622.352586;
442, 220 9000 277842.352586;
443, 4200 -1 282042.352586;
444, 470 9000 282512.352586;
445, 950 -1 283462.352586;
446, 960 9000 284422.352586;
447, 70 4500 284492.352586;
448, 430 9000 284922.352586;
449, 430 -1 285352.352586;
450, 230 27000 285582.352586;
451, 470 -1 286052.352586;
452, 80 27000 286132.352586;
453, 200 -1 286332.352586;
454, 230 9000 286562.352586;
455, 790 4500 287352.352586;
456, 580 9000 287932.352586;
457, 220 -1 288152.352586;
458, 290 27000 288442.352586;
459, 220 -1 288662.352586;
460, 290 27000 288952.352586;
461, 160 -1 289112.352586;
462, 100 9000 289212.352586;
463, 250 -1 289462.352586;
464, 350 9000 289812.352586;
465, 250 -1 290062.352586;
466, 860 9000 290922.352586;
467, 550 4500 291472.352586;
468, 60 0 291532.352586;
469, 590 4500 292122.352586;
470, 30 9000 292152.352586;
471, 300 4500 292452.352586;
472, 130 0 292582.352586;
473, 110 31500 292692.352586;
474, 150 27000 292842.352586;
475, 30 31500 292872.352586;
476, 90 27000 292962.352586;
477, 10 31500 292972.352586;
478, 710 27000 293682.352586;
479, 10 -1 293692.352586;
480, 200 27000 293892.352586;
481, 170 31500 294062.352586;
482, 290 0 294352.352586;
483, 10 -1 294362.352586;
484, 240 9000 294602.352586;
485, 120 4500 294722.352586;
486, 1920 9000 296642.352586;
487, 190 4500 296832.352586;
488, 670 0 297502.352586;
489, 140 4500 297642.352586;
490, 260 0 297902.352586;
491, 80 31500 297982.352586;
492, 160 27000 298142.352586;
493, 450 31500 298592.352586;
494, 510 -1 299102.352586;
495, 290 9000 299392.352586;
496, 210 4500 299602.352586;
497, 1030 9000 300632.352586;
498, 50 -1 300682.352586;
499, 520 27000 301202.352586;
500, 470 31500 301672.352586;
501, 970 27000 302642.352586;
502, 20 -1 302662.352586;
503, 700 27000 303362.352586;
504, 2890 -1 306252.352586;
505, 760 27000 307012.352586;
506, 500 31500 307512.352586;
507, 250 0 307762.352586;
508, 280 -1 308042.352586;
509, 0 0 308042.352586;
510, 20 4500 308062.352586;
511, 430 0 308492.352586;
512, 60 -1 308552.352586;
513, 280 27000 308832.352586;
514, 370 31500 309202.352586;
515, 240 0 309442.352586;
516, 130 4500 309572.352586;
517, 80 9000 309652.352586;
518, 10 -1 309662.352586;
519, 80 9000 309742.352586;
520, 680 4500 310422.352586;
521, 180 0 310602.352586;
522, 50 4500 310652.352586;
523, 960 9000 311612.352586;
524, 10 -1 311622.352586;
525, 110 27000 311732.352586;
526, 20 31500 311752.352586;
527, 40 0 311792.352586;
528, 360 31500 312152.352586;
529, 30 0 312182.352586;
530, 30 -1 312212.352586;
531, 1030 31500 313242.352586;
532, 40 0 313282.352586;
533, 520 31500 313802.352586;
534, 910 0 314712.352586;
535, 140 31500 314852.352586;
536, 330 0 315182.352586;
537, 120 4500 315302.352586;
538, 40 0 315342.352586;
539, 40 31500 315382.352586;
540, 60 27000 315442.352586;
541, 2200 31500 317642.352586;
542, 280 0 317922.352586;
543, 10 -1 317932.352586;
544, 420 9000 318352.352586;
545, 430 4500 318782.352586;
546, 720 9000 319502.352586;
547, 20 -1 319522.352586;
548, 570 9000 320092.352586;
549, 20 4500 320112.352586;
550, 220 0 320332.352586;
551, 170 31500 320502.352586;
552, 850 27000 321352.352586;
553, 200 -1 321552.352586;
554, 600 9000 322152.352586;
555, 1000 4500 323152.352586;
556, 440 9000 323592.352586;
557, 60 -1 323652.352586;
558, 290 27000 323942.352586;
559, 450 -1 324392.352586;
560, 180 9000 324572.352586;
561, 380 4500 324952.352586;
562, 390 0 325342.352586;
563, 100 31500 325442.352586;
564, 130 27000 325572.352586;
565, 310 31500 325882.352586;
566, 280 0 326162.352586;
567, 760 4500 326922.352586;
568, 610 9000 327532.352586;
569, 120 -1 327652.352586;
570, 130 9000 327782.352586;
571, 270 4500 328052.352586;
572, 210 0 328262.352586;
573, 30 31500 328292.352586;
574, 60 27000 328352.352586;
575, 100 22500 328452.352586;
576, 50 18000 328502.352586;
577, 20 13500 328522.352586;
578, 230 18000 328752.352586;
579, 150 13500 328902.352586;
580, 50 9000 328952.352586;
581, 0 4500 328952.352586;
582, 20 0 328972.352586;
583, 50 31500 329022.352586;
584, 270 27000 329292.352586;
585, 230 31500 329522.352586;
586, 840 0 330362.352586;
587, 90 4500 330452.352586;
588, 40 9000 330492.352586;
589, 540 4500 331032.352586;
590, 700 9000 331732.352586;
591, 10 -1 331742.352586;
592, 80 27000 331822.352586;
593, 230 31500 332052.352586;
594, 180 0 332232.352586;
595, 190 31500 332422.352586;
596, 20 27000 332442.352586;
597, 10 -1 332452.352586;
598, 280 9000 332732.352586;
599, 40 4500 332772.352586;
600, 140 0 332912.352586;
601, 440 4500 333352.352586;
602, 170 9000 333522.352586;
603, 3190 4500 336712.352586;
604, 160 0 336872.352586;
605, 360 31500 337232.352586;
606, 430 0 337662.352586;
607, 440 4500 338102.352586;
608, 1240 0 339342.352586;
609, 10 -1 339352.352586;
610, 190 27000 339542.352586;
611, 110 31500 339652.352586;
612, 60 27000 339712.352586;
613, 0 -1 339712.352586;
614, 170 27000 339882.352586;
615, 90 31500 339972.352586;
616, 260 0 340232.352586;
617, 220 31500 340452.352586;
618, 290 -1 340742.352586;
619, 220 9000 340962.352586;
620, 660 -1 341622.352586;
621, 230 27000 341852.352586;
622, 120 -1 341972.352586;
623, 40 9000 342012.352586;
624, 670 -1 342682.352586;
625, 360 27000 343042.352586;
626, 920 -1 343962.352586;
627, 190 9000 344152.352586;
628, 740 -1 344892.352586;
629, 1110 9000 346002.352586;
630, 60 -1 346062.352586;
631, 70 9000 346132.352586;
632, 600 -1 346732.352586;
