0, 0 128 41272.815855;
1, 80 0 41272.815855;
2, 26937 128 8755.719171;
3, 660 0 9415.719171;
4, 1390 128 10805.719171;
5, 440 0 11245.719171;
6, 270 128 11515.719171;
7, 130 0 11645.719171;
8, 15790 128 27435.719171;
9, 500 0 27935.719171;
10, 380 128 28315.719171;
11, 320 0 28635.719171;
12, 540 128 29175.719171;
13, 220 0 29395.719171;
14, 8740 128 38135.719171;
15, 220 0 38355.719171;
16, 950 128 39305.719171;
17, 300 0 39605.719171;
18, 340 128 39945.719171;
19, 250 0 40195.719171;
20, 1510 128 41705.719171;
21, 260 0 41965.719171;
22, 410 128 42375.719171;
23, 240 0 42615.719171;
24, 90 128 42705.719171;
25, 100 0 42805.719171;
26, 500 128 43305.719171;
27, 190 0 43495.719171;
28, 830 128 44325.719171;
29, 240 0 44565.719171;
30, 450 128 45015.719171;
31, 180 0 45195.719171;
32, 750 128 45945.719171;
33, 240 0 46185.719171;
34, 810 128 46995.719171;
35, 210 0 47205.719171;
36, 460 128 47665.719171;
37, 140 0 47805.719171;
38, 780 128 48585.719171;
39, 320 0 48905.719171;
40, 1100 128 50005.719171;
41, 310 0 50315.719171;
42, 340 128 50655.719171;
43, 630 0 51285.719171;
44, 10740 128 62025.719171;
45, 310 0 62335.719171;
46, 2490 128 64825.719171;
47, 160 0 64985.719171;
48, 2250 128 67235.719171;
49, 350 0 67585.719171;
50, 1910 128 69495.719171;
51, 480 0 69975.719171;
52, 1150 128 71125.719171;
53, 260 0 71385.719171;
54, 1010 128 72395.719171;
55, 390 0 72785.719171;
56, 1040 128 73825.719171;
57, 410 0 74235.719171;
58, 2040 128 76275.719171;
59, 230 0 76505.719171;
60, 2000 128 78505.719171;
61, 160 0 78665.719171;
62, 2110 128 80775.719171;
63, 290 0 81065.719171;
64, 900 128 81965.719171;
65, 280 0 82245.719171;
66, 580 128 82825.719171;
67, 390 0 83215.719171;
68, 480 128 83695.719171;
69, 470 0 84165.719171;
70, 440 128 84605.719171;
71, 760 0 85365.719171;
72, 1700 128 87065.719171;
73, 260 0 87325.719171;
74, 6910 128 94235.719171;
75, 380 0 94615.719171;
76, 160 128 94775.719171;
77, 460 0 95235.719171;
78, 8720 128 103955.719171;
79, 570 0 104525.719171;
80, 440 128 104965.719171;
81, 140 0 105105.719171;
82, 1770 128 106875.719171;
83, 70 0 106945.719171;
84, 620 128 107565.719171;
85, 430 0 107995.719171;
86, 2000 128 109995.719171;
87, 680 0 110675.719171;
88, 9600 128 120275.719171;
89, 220 0 120495.719171;
90, 3910 128 124405.719171;
91, 460 0 124865.719171;
92, 1430 128 126295.719171;
93, 320 0 126615.719171;
94, 2060 128 128675.719171;
95, 420 0 129095.719171;
96, 1500 128 130595.719171;
97, 470 0 131065.719171;
98, 4510 128 135575.719171;
99, 520 0 136095.719171;
100, 500 128 136595.719171;
101, 290 0 136885.719171;
