0, 0 9000 41272.815855;
1, 100 -1 41272.815855;
2, 730 18000 41272.815855;
3, 160 -1 41272.815855;
4, 590 9000 41272.815855;
5, 180 -1 41272.815855;
6, 2970 18000 41272.815855;
7, 130 -1 41272.815855;
8, 430 9000 41272.815855;
9, 170 -1 41272.815855;
10, 29847 9000 5565.719171;
11, 630 -1 6195.719171;
12, 340 9000 6535.719171;
13, 540 -1 7075.719171;
14, 1270 9000 8345.719171;
15, 300 -1 8645.719171;
16, 410 9000 9055.719171;
17, 670 -1 9725.719171;
18, 570 9000 10295.719171;
19, 990 -1 11285.719171;
20, 250 9000 11535.719171;
21, 170 -1 11705.719171;
22, 150 9000 11855.719171;
23, 1290 -1 13145.719171;
24, 270 27000 13415.719171;
25, 1110 -1 14525.719171;
26, 250 27000 14775.719171;
27, 2970 -1 17745.719171;
28, 140 9000 17885.719171;
29, 1530 -1 19415.719171;
30, 80 27000 19495.719171;
31, 390 -1 19885.719171;
32, 410 27000 20295.719171;
33, 1240 -1 21535.719171;
34, 140 9000 21675.719171;
35, 140 -1 21815.719171;
36, 150 9000 21965.719171;
37, 670 -1 22635.719171;
38, 130 27000 22765.719171;
39, 510 -1 23275.719171;
40, 190 9000 23465.719171;
41, 1000 -1 24465.719171;
42, 120 27000 24585.719171;
43, 350 -1 24935.719171;
44, 510 9000 25445.719171;
45, 130 -1 25575.719171;
46, 320 9000 25895.719171;
47, 3910 -1 29805.719171;
48, 630 9000 30435.719171;
49, 1060 -1 31495.719171;
50, 250 9000 31745.719171;
51, 450 -1 32195.719171;
52, 460 9000 32655.719171;
53, 160 -1 32815.719171;
54, 200 9000 33015.719171;
55, 1290 -1 34305.719171;
56, 140 9000 34445.719171;
57, 100 -1 34545.719171;
58, 80 9000 34625.719171;
59, 340 -1 34965.719171;
60, 130 27000 35095.719171;
61, 170 -1 35265.719171;
62, 1200 9000 36465.719171;
63, 12730 -1 49195.719171;
64, 670 9000 49865.719171;
65, 1520 -1 51385.719171;
66, 330 9000 51715.719171;
67, 260 -1 51975.719171;
68, 120 27000 52095.719171;
69, 400 -1 52495.719171;
70, 140 9000 52635.719171;
71, 110 -1 52745.719171;
72, 1260 9000 54005.719171;
73, 1170 -1 55175.719171;
74, 850 9000 56025.719171;
75, 960 -1 56985.719171;
76, 2340 9000 59325.719171;
77, 440 -1 59765.719171;
78, 1120 9000 60885.719171;
79, 960 -1 61845.719171;
80, 300 9000 62145.719171;
81, 730 -1 62875.719171;
82, 470 9000 63345.719171;
83, 100 -1 63445.719171;
84, 130 27000 63575.719171;
85, 310 -1 63885.719171;
86, 180 9000 64065.719171;
87, 1240 -1 65305.719171;
88, 410 9000 65715.719171;
89, 310 -1 66025.719171;
90, 260 27000 66285.719171;
91, 1320 -1 67605.719171;
92, 360 27000 67965.719171;
93, 100 -1 68065.719171;
94, 420 27000 68485.719171;
95, 100 -1 68585.719171;
96, 450 27000 69035.719171;
97, 100 -1 69135.719171;
98, 360 9000 69495.719171;
99, 590 -1 70085.719171;
100, 310 27000 70395.719171;
101, 140 -1 70535.719171;
102, 390 27000 70925.719171;
103, 580 -1 71505.719171;
104, 890 9000 72395.719171;
105, 400 -1 72795.719171;
106, 460 9000 73255.719171;
107, 80 -1 73335.719171;
108, 380 27000 73715.719171;
109, 590 -1 74305.719171;
110, 350 27000 74655.719171;
111, 240 -1 74895.719171;
112, 490 9000 75385.719171;
113, 330 -1 75715.719171;
114, 270 9000 75985.719171;
115, 770 -1 76755.719171;
116, 700 9000 77455.719171;
117, 1460 -1 78915.719171;
118, 280 9000 79195.719171;
119, 310 -1 79505.719171;
120, 180 27000 79685.719171;
121, 1550 -1 81235.719171;
122, 870 9000 82105.719171;
123, 190 -1 82295.719171;
124, 560 9000 82855.719171;
125, 370 -1 83225.719171;
126, 480 27000 83705.719171;
127, 520 -1 84225.719171;
128, 340 9000 84565.719171;
129, 930 -1 85495.719171;
130, 190 9000 85685.719171;
131, 260 -1 85945.719171;
132, 510 9000 86455.719171;
133, 890 -1 87345.719171;
134, 460 9000 87805.719171;
135, 300 -1 88105.719171;
136, 200 0 88305.719171;
137, 5380 -1 93685.719171;
138, 130 27000 93815.719171;
139, 2220 -1 96035.719171;
140, 340 27000 96375.719171;
141, 310 -1 96685.719171;
142, 620 27000 97305.719171;
143, 90 -1 97395.719171;
144, 230 0 97625.719171;
145, 4130 -1 101755.719171;
146, 210 9000 101965.719171;
147, 1140 -1 103105.719171;
148, 2800 9000 105905.719171;
149, 650 -1 106555.719171;
150, 8990 9000 115545.719171;
151, 160 -1 115705.719171;
152, 2840 9000 118545.719171;
153, 150 -1 118695.719171;
154, 2310 9000 121005.719171;
155, 130 -1 121135.719171;
156, 10210 9000 131345.719171;
157, 4760 -1 136105.719171;
158, 230 9000 136335.719171;
159, 630 -1 136965.719171;
160, 880 27000 137845.719171;
161, 100 -1 137945.719171;
