0, 0 128 41272.815855;
1, 230 0 41272.815855;
2, 27467 128 7565.719171;
3, 70 0 7635.719171;
4, 90 128 7725.719171;
5, 60 0 7785.719171;
6, 1960 128 9745.719171;
7, 40 0 9785.719171;
8, 130 128 9915.719171;
9, 50 0 9965.719171;
10, 110 128 10075.719171;
11, 50 0 10125.719171;
12, 1630 128 11755.719171;
13, 80 0 11835.719171;
14, 90 128 11925.719171;
15, 80 0 12005.719171;
16, 170 128 12175.719171;
17, 80 0 12255.719171;
18, 110 128 12365.719171;
19, 80 0 12445.719171;
20, 80 128 12525.719171;
21, 80 0 12605.719171;
22, 200 128 12805.719171;
23, 80 0 12885.719171;
24, 100 128 12985.719171;
25, 60 0 13045.719171;
26, 90 128 13135.719171;
27, 80 0 13215.719171;
28, 100 128 13315.719171;
29, 70 0 13385.719171;
30, 5160 128 18545.719171;
31, 80 0 18625.719171;
32, 80 128 18705.719171;
33, 70 0 18775.719171;
34, 100 128 18875.719171;
35, 50 0 18925.719171;
36, 80 128 19005.719171;
37, 70 0 19075.719171;
38, 560 128 19635.719171;
39, 80 0 19715.719171;
40, 100 128 19815.719171;
41, 50 0 19865.719171;
42, 1930 128 21795.719171;
43, 50 0 21845.719171;
44, 100 128 21945.719171;
45, 70 0 22015.719171;
46, 80 128 22095.719171;
47, 70 0 22165.719171;
48, 90 128 22255.719171;
49, 60 0 22315.719171;
50, 80 128 22395.719171;
51, 90 0 22485.719171;
52, 410 128 22895.719171;
53, 70 0 22965.719171;
54, 120 128 23085.719171;
55, 50 0 23135.719171;
56, 100 128 23235.719171;
57, 70 0 23305.719171;
58, 290 128 23595.719171;
59, 70 0 23665.719171;
60, 90 128 23755.719171;
61, 50 0 23805.719171;
62, 100 128 23905.719171;
63, 70 0 23975.719171;
64, 700 128 24675.719171;
65, 80 0 24755.719171;
66, 110 128 24865.719171;
67, 50 0 24915.719171;
68, 1500 128 26415.719171;
69, 100 0 26515.719171;
70, 90 128 26605.719171;
71, 80 0 26685.719171;
72, 2790 128 29475.719171;
73, 80 0 29555.719171;
74, 100 128 29655.719171;
75, 70 0 29725.719171;
76, 70 128 29795.719171;
77, 80 0 29875.719171;
78, 130 128 30005.719171;
79, 90 0 30095.719171;
80, 80 128 30175.719171;
81, 80 0 30255.719171;
82, 420 128 30675.719171;
83, 70 0 30745.719171;
84, 90 128 30835.719171;
85, 70 0 30905.719171;
86, 80 128 30985.719171;
87, 70 0 31055.719171;
88, 1350 128 32405.719171;
89, 90 0 32495.719171;
90, 110 128 32605.719171;
91, 60 0 32665.719171;
92, 90 128 32755.719171;
93, 80 0 32835.719171;
94, 470 128 33305.719171;
95, 120 0 33425.719171;
96, 1790 128 35215.719171;
97, 100 0 35315.719171;
98, 70 128 35385.719171;
99, 80 0 35465.719171;
100, 90 128 35555.719171;
101, 60 0 35615.719171;
102, 90 128 35705.719171;
103, 80 0 35785.719171;
104, 90 128 35875.719171;
105, 60 0 35935.719171;
106, 90 128 36025.719171;
107, 80 0 36105.719171;
108, 80 128 36185.719171;
109, 70 0 36255.719171;
110, 90 128 36345.719171;
111, 80 0 36425.719171;
112, 70 128 36495.719171;
113, 90 0 36585.719171;
114, 500 128 37085.719171;
115, 80 0 37165.719171;
116, 110 128 37275.719171;
117, 70 0 37345.719171;
118, 15670 128 53015.719171;
119, 70 0 53085.719171;
120, 90 128 53175.719171;
121, 70 0 53245.719171;
122, 90 128 53335.719171;
123, 60 0 53395.719171;
124, 270 128 53665.719171;
125, 60 0 53725.719171;
126, 1340 128 55065.719171;
127, 90 0 55155.719171;
128, 120 128 55275.719171;
129, 30 0 55305.719171;
130, 90 128 55395.719171;
131, 60 0 55455.719171;
132, 90 128 55545.719171;
133, 60 0 55605.719171;
134, 90 128 55695.719171;
135, 70 0 55765.719171;
136, 80 128 55845.719171;
137, 70 0 55915.719171;
138, 1040 128 56955.719171;
139, 70 0 57025.719171;
140, 90 128 57115.719171;
141, 60 0 57175.719171;
142, 90 128 57265.719171;
143, 60 0 57325.719171;
144, 100 128 57425.719171;
145, 70 0 57495.719171;
146, 70 128 57565.719171;
147, 70 0 57635.719171;
148, 100 128 57735.719171;
149, 80 0 57815.719171;
150, 1990 128 59805.719171;
151, 70 0 59875.719171;
152, 100 128 59975.719171;
153, 70 0 60045.719171;
154, 100 128 60145.719171;
155, 60 0 60205.719171;
156, 100 128 60305.719171;
157, 60 0 60365.719171;
158, 45160 128 105525.719171;
159, 100 0 105625.719171;
160, 80 128 105705.719171;
161, 60 0 105765.719171;
162, 90 128 105855.719171;
163, 70 0 105925.719171;
164, 80 128 106005.719171;
165, 70 0 106075.719171;
166, 90 128 106165.719171;
167, 50 0 106215.719171;
168, 330 128 106545.719171;
169, 70 0 106615.719171;
170, 1590 128 108205.719171;
171, 70 0 108275.719171;
172, 110 128 108385.719171;
173, 50 0 108435.719171;
174, 80 128 108515.719171;
175, 60 0 108575.719171;
176, 120 128 108695.719171;
177, 50 0 108745.719171;
178, 2030 128 110775.719171;
179, 90 0 110865.719171;
180, 70 128 110935.719171;
181, 70 0 111005.719171;
182, 70 128 111075.719171;
183, 80 0 111155.719171;
184, 1390 128 112545.719171;
185, 70 0 112615.719171;
186, 300 128 112915.719171;
187, 70 0 112985.719171;
188, 100 128 113085.719171;
189, 60 0 113145.719171;
190, 90 128 113235.719171;
191, 70 0 113305.719171;
192, 90 128 113395.719171;
193, 60 0 113455.719171;
194, 860 128 114315.719171;
195, 70 0 114385.719171;
196, 90 128 114475.719171;
197, 60 0 114535.719171;
198, 80 128 114615.719171;
199, 60 0 114675.719171;
200, 90 128 114765.719171;
201, 50 0 114815.719171;
202, 80 128 114895.719171;
203, 70 0 114965.719171;
204, 80 128 115045.719171;
205, 70 0 115115.719171;
206, 710 128 115825.719171;
207, 90 0 115915.719171;
208, 100 128 116015.719171;
209, 50 0 116065.719171;
210, 80 128 116145.719171;
211, 80 0 116225.719171;
212, 90 128 116315.719171;
213, 70 0 116385.719171;
214, 80 128 116465.719171;
215, 70 0 116535.719171;
216, 860 128 117395.719171;
217, 70 0 117465.719171;
218, 90 128 117555.719171;
219, 60 0 117615.719171;
220, 70 128 117685.719171;
221, 60 0 117745.719171;
222, 70 128 117815.719171;
223, 90 0 117905.719171;
224, 70 128 117975.719171;
225, 60 0 118035.719171;
226, 1350 128 119385.719171;
227, 70 0 119455.719171;
228, 430 128 119885.719171;
229, 70 0 119955.719171;
230, 90 128 120045.719171;
231, 60 0 120105.719171;
232, 1160 128 121265.719171;
233, 90 0 121355.719171;
234, 90 128 121445.719171;
235, 60 0 121505.719171;
236, 80 128 121585.719171;
237, 90 0 121675.719171;
238, 70 128 121745.719171;
239, 100 0 121845.719171;
240, 70 128 121915.719171;
241, 90 0 122005.719171;
242, 80 128 122085.719171;
243, 90 0 122175.719171;
244, 80 128 122255.719171;
245, 80 0 122335.719171;
246, 380 128 122715.719171;
247, 80 0 122795.719171;
248, 230 128 123025.719171;
249, 60 0 123085.719171;
250, 920 128 124005.719171;
251, 80 0 124085.719171;
252, 90 128 124175.719171;
253, 70 0 124245.719171;
254, 70 128 124315.719171;
255, 20 0 124335.719171;
256, 1610 128 125945.719171;
257, 120 0 126065.719171;
258, 60 128 126125.719171;
259, 70 0 126195.719171;
260, 2160 128 128355.719171;
261, 80 0 128435.719171;
262, 70 128 128505.719171;
263, 70 0 128575.719171;
264, 1700 128 130275.719171;
265, 80 0 130355.719171;
266, 70 128 130425.719171;
267, 80 0 130505.719171;
268, 7620 128 138125.719171;
269, 110 0 138235.719171;
270, 120 128 138355.719171;
271, 70 0 138425.719171;
272, 60 128 138485.719171;
273, 100 0 138585.719171;
