0, 0 18000 27244.043772;
1, 120 -1 27364.043772;
2, 15230 18000 42594.043772;
3, 100 -1 42694.043772;
4, 90 18000 42784.043772;
5, 80 -1 42864.043772;
6, 70 18000 42934.043772;
7, 110 -1 43044.043772;
8, 120 18000 43164.043772;
9, 140 -1 43304.043772;
10, 550 18000 43854.043772;
11, 150 -1 44004.043772;
12, 220 0 44224.043772;
13, 100 -1 44324.043772;
14, 503793 18000 548117.319859;
15, 100 -1 548217.319859;
16, 110 18000 548327.319859;
17, 80 -1 548407.319859;
18, 2150 0 550557.319859;
19, 80 -1 550637.319859;
