0, 0 128 75634.043772;
1, 90 0 75724.043772;
2, 19330 128 95054.043772;
3, 90 0 95144.043772;
4, 25920 128 121064.043772;
5, 40 0 121104.043772;
6, 28610 128 149714.043772;
7, 100 0 149814.043772;
8, 10750 128 160564.043772;
9, 80 0 160644.043772;
10, 21160 128 181804.043772;
11, 100 0 181904.043772;
12, 11456 128 193363.798001;
13, 70 0 193433.798001;
14, 25815 128 219245.921287;
15, 80 0 219325.921287;
16, 880 128 220205.921287;
17, 80 0 220285.921287;
18, 1510 128 221795.921287;
19, 90 0 221885.921287;
20, 6905 128 228791.812772;
21, 80 0 228871.812772;
22, 1990 128 230861.812772;
23, 90 0 230951.812772;
24, 6835 128 237787.431729;
25, 90 0 237877.431729;
26, 3240 128 241117.431729;
27, 490 0 241607.431729;
28, 350 128 241957.431729;
29, 70 0 242027.431729;
30, 40584 128 282615.031705;
31, 90 0 282705.031705;
32, 16768 128 299470.987496;
33, 90 0 299560.987496;
34, 54060 128 353622.109132;
35, 120 0 353742.109132;
36, 80 128 353822.109132;
37, 90 0 353912.109132;
38, 29526 128 383437.934047;
39, 80 0 383517.934047;
40, 549 128 384067.926729;
41, 100 0 384167.926729;
42, 10654 128 394825.489506;
43, 110 0 394935.489506;
44, 56171 128 451108.870058;
45, 0 0 451108.870058;
46, 6857 128 457961.167441;
47, 70 0 458031.167441;
48, 5638 128 463674.574188;
49, 0 0 463674.574188;
50, 3284 128 466953.752822;
51, 92 0 467046.746745;
52, 3942 128 470993.99536;
53, 136 0 471130.022137;
54, 6836 128 477961.417483;
55, 110 0 478071.417483;
56, 2278 128 480242.56875;
57, 60 0 480409.554187;
58, 1446 128 481855.610404;
59, 60 0 481924.596417;
60, 25880 128 507801.127974;
61, 139 0 507941.110602;
62, 600 128 508536.133081;
63, 60 0 508596.133081;
64, 11641 128 520237.836608;
65, 102 0 520344.846755;
66, 10531 128 530871.471447;
67, 137 0 531013.504836;
68, 8517 128 539530.98946;
69, 291 0 539822.984895;
