0, 0 128 56744.043772;
1, 90 0 56834.043772;
2, 40 128 56874.043772;
3, 80 0 56954.043772;
4, 50 128 57004.043772;
5, 40 0 57044.043772;
6, 1080 128 58124.043772;
7, 110 0 58234.043772;
8, 50 128 58284.043772;
9, 70 0 58354.043772;
10, 50 128 58404.043772;
11, 80 0 58484.043772;
12, 70 128 58554.043772;
13, 40 0 58594.043772;
14, 2690 128 61284.043772;
15, 100 0 61384.043772;
16, 50 128 61434.043772;
17, 90 0 61524.043772;
18, 2890 128 64414.043772;
19, 90 0 64504.043772;
20, 50 128 64554.043772;
21, 90 0 64644.043772;
22, 70 128 64714.043772;
23, 60 0 64774.043772;
24, 270 128 65044.043772;
25, 70 0 65114.043772;
26, 3300 128 68414.043772;
27, 100 0 68514.043772;
28, 40 128 68554.043772;
29, 80 0 68634.043772;
30, 2760 128 71394.043772;
31, 60 0 71454.043772;
32, 80 128 71534.043772;
33, 90 0 71624.043772;
34, 70 128 71694.043772;
35, 70 0 71764.043772;
36, 60 128 71824.043772;
37, 80 0 71904.043772;
38, 14340 128 86244.043772;
39, 220 0 86464.043772;
40, 500 128 86964.043772;
41, 70 0 87034.043772;
42, 3170 128 90204.043772;
43, 90 0 90294.043772;
44, 50 128 90344.043772;
45, 60 0 90404.043772;
46, 60 128 90464.043772;
47, 40 0 90504.043772;
48, 70 128 90574.043772;
49, 30 0 90604.043772;
50, 50 128 90654.043772;
51, 60 0 90714.043772;
52, 60 128 90774.043772;
53, 30 0 90804.043772;
54, 2230 128 93034.043772;
55, 60 0 93094.043772;
56, 80 128 93174.043772;
57, 50 0 93224.043772;
58, 80 128 93304.043772;
59, 20 0 93324.043772;
60, 5220 128 98544.043772;
61, 90 0 98634.043772;
62, 4270 128 102904.043772;
63, 100 0 103004.043772;
64, 60 128 103064.043772;
65, 30 0 103094.043772;
66, 3160 128 106254.043772;
67, 100 0 106354.043772;
68, 50 128 106404.043772;
69, 70 0 106474.043772;
70, 3540 128 110014.043772;
71, 80 0 110094.043772;
72, 50 128 110144.043772;
73, 70 0 110214.043772;
74, 50 128 110264.043772;
75, 20 0 110284.043772;
76, 90 128 110374.043772;
77, 20 0 110394.043772;
78, 2400 128 112794.043772;
79, 60 0 112854.043772;
80, 50 128 112904.043772;
81, 70 0 112974.043772;
82, 60 128 113034.043772;
83, 20 0 113054.043772;
84, 70 128 113124.043772;
85, 40 0 113164.043772;
86, 3740 128 116904.043772;
87, 70 0 116974.043772;
88, 50 128 117024.043772;
89, 70 0 117094.043772;
90, 50 128 117144.043772;
91, 40 0 117184.043772;
92, 50 128 117234.043772;
93, 90 0 117324.043772;
94, 120 128 117444.043772;
95, 70 0 117514.043772;
96, 70 128 117584.043772;
97, 70 0 117654.043772;
98, 6500 128 124154.043772;
99, 310 0 124464.043772;
100, 640 128 125104.043772;
101, 380 0 125484.043772;
102, 6880 128 132364.043772;
103, 90 0 132454.043772;
104, 3810 128 136264.043772;
105, 90 0 136354.043772;
106, 50 128 136404.043772;
107, 90 0 136494.043772;
108, 50 128 136544.043772;
109, 50 0 136594.043772;
110, 60 128 136654.043772;
111, 50 0 136704.043772;
112, 2070 128 138774.043772;
113, 110 0 138884.043772;
114, 330 128 139214.043772;
115, 110 0 139324.043772;
116, 340 128 139664.043772;
117, 80 0 139744.043772;
118, 2810 128 142554.043772;
119, 90 0 142644.043772;
120, 40 128 142684.043772;
121, 70 0 142754.043772;
122, 3910 128 146664.043772;
123, 80 0 146744.043772;
124, 40 128 146784.043772;
125, 80 0 146864.043772;
126, 7920 128 154784.043772;
127, 50 0 154834.043772;
128, 15210 128 170044.043772;
129, 250 0 170294.043772;
130, 5240 128 175534.043772;
131, 80 0 175614.043772;
132, 2340 128 177954.043772;
133, 80 0 178034.043772;
134, 50 128 178084.043772;
135, 60 0 178144.043772;
136, 50 128 178194.043772;
137, 40 0 178234.043772;
138, 40 128 178274.043772;
139, 40 0 178314.043772;
140, 11050 128 189364.043772;
141, 200 0 189564.043772;
142, 430 128 189994.043772;
143, 330 0 190324.043772;
144, 880 128 191204.043772;
145, 710 0 191917.736844;
146, 330 128 192247.736844;
147, 500 0 192747.759327;
148, 10276 128 203023.798001;
149, 80 0 203103.798001;
150, 8008 128 211108.838684;
151, 123 0 211188.838684;
152, 16173 128 227405.921287;
153, 90 0 227495.921287;
154, 30 128 227525.921287;
155, 90 0 227615.921287;
156, 30 128 227645.921287;
157, 70 0 227715.921287;
158, 21565 128 249281.097292;
159, 98 0 249379.136966;
160, 9120 128 258499.660206;
161, 50 0 258549.660206;
162, 959 128 259452.656302;
163, 77 0 259538.663283;
164, 20 128 259605.667673;
165, 109 0 259741.689522;
166, 14577 128 274293.032455;
167, 70 0 274363.032455;
168, 4227 128 278589.778695;
169, 82 0 278671.819786;
170, 11807 128 290479.340379;
171, 80 0 290559.340379;
172, 5112 128 295671.676128;
173, 103 0 295774.808298;
174, 10571 128 306346.394644;
175, 90 0 306436.394644;
176, 992 128 307428.430408;
177, 110 0 307538.430408;
178, 3786 128 311325.688191;
179, 110 0 311435.688191;
180, 2256 128 313692.841574;
181, 80 0 313772.841574;
182, 221 128 313991.864767;
183, 110 0 314101.864767;
184, 7055 128 321166.245662;
185, 145 0 321307.253444;
186, 1005 128 322307.358646;
187, 101 0 322408.385815;
188, 170 128 322582.409338;
189, 130 0 322712.409338;
190, 90 128 322802.409338;
191, 97 0 322895.398876;
192, 3339 128 326234.623991;
193, 100 0 326334.623991;
194, 1260 128 327594.675575;
195, 82 0 327681.681877;
196, 148 128 327824.692454;
197, 106 0 327931.661917;
198, 40 128 327971.661917;
199, 119 0 328095.703014;
200, 4881 128 332980.067999;
201, 115 0 333087.934921;
202, 4216 128 337309.250178;
203, 76 0 337381.240859;
204, 40 128 337421.240859;
205, 90 0 337511.240859;
206, 260 128 337771.240859;
207, 120 0 337891.240859;
208, 3923 128 341842.471193;
209, 20 0 341842.471193;
210, 159 128 341998.466068;
211, 40 0 342033.466068;
212, 60 128 342093.466068;
213, 80 0 342173.466068;
214, 1545 128 343720.600962;
215, 245 0 343964.588791;
216, 60 128 344024.588791;
217, 40 0 344064.588791;
218, 20 128 344084.588791;
219, 210 0 344294.599263;
220, 4550 128 348844.905335;
221, 90 0 348934.905335;
222, 30 128 348964.905335;
223, 50 0 349014.905335;
224, 90 128 349104.905335;
225, 10 0 349114.905335;
226, 450 128 349564.905335;
227, 110 0 349674.905335;
228, 3516 128 353192.109132;
229, 100 0 353292.109132;
230, 50 128 353342.109132;
231, 70 0 353412.109132;
232, 4435 128 357846.379369;
233, 100 0 357946.379369;
234, 30 128 357976.379369;
235, 90 0 358066.379369;
236, 13088 128 371155.177552;
237, 140 0 371295.177552;
238, 10187 128 381482.799482;
239, 100 0 381582.799482;
240, 40 128 381622.799482;
241, 132 0 381632.799482;
242, 9812 128 391572.328879;
243, 187 0 391759.37173;
244, 0 128 391759.37173;
245, 0 0 391759.37173;
246, 260 128 392019.425123;
247, 0 0 392019.425123;
248, 295 128 392315.415165;
249, 0 0 392315.415165;
250, 39946 128 432200.718965;
251, 85 0 432346.7143;
252, 5382 128 437729.044934;
253, 116 0 437846.031496;
254, 0 128 437846.031496;
255, 121 0 437967.044583;
256, 3227 128 441194.265289;
257, 158 0 441353.230757;
258, 0 128 441353.230757;
259, 119 0 441472.233431;
260, 0 128 441472.233431;
261, 10 0 441502.250553;
262, 5288 128 446770.54546;
263, 138 0 446908.588729;
264, 3592 128 450500.819592;
265, 0 0 450500.819592;
266, 372 128 450872.856124;
267, 0 0 450872.856124;
268, 761 128 451633.894395;
269, 384 0 452017.972884;
270, 4297 128 456315.144627;
271, 0 0 456315.144627;
272, 0 128 456315.144627;
273, 0 0 456315.144627;
274, 3893 128 460208.403912;
275, 0 0 460208.403912;
276, 0 128 460208.403912;
277, 0 0 460208.403912;
278, 0 128 460208.403912;
279, 239 0 460447.406298;
280, 0 128 460447.406298;
281, 0 0 460447.406298;
282, 0 128 460447.406298;
283, 0 0 460447.406298;
284, 117 128 460564.465054;
285, 0 0 460564.465054;
286, 0 128 460564.465054;
287, 80 0 460645.388818;
288, 72 128 460717.420182;
289, 75 0 460792.420239;
290, 44 128 460837.395195;
291, 80 0 460912.395195;
292, 90 128 461002.395195;
293, 90 0 461092.395195;
294, 100 128 461192.395195;
295, 40 0 461232.395195;
296, 69 128 461301.598751;
297, 161 0 461468.41095;
298, 3082 128 464550.595448;
299, 193 0 464743.615201;
300, 144 128 464888.604673;
301, 0 0 464888.604673;
302, 129 128 465017.604695;
303, 158 0 465175.689776;
304, 0 128 465175.689776;
305, 0 0 465175.689776;
306, 235 128 465410.711232;
307, 0 0 465410.711232;
308, 2710 128 468120.85274;
309, 98 0 468188.873907;
310, 20 128 468233.962854;
311, 70 0 468309.871806;
312, 161 128 468465.890616;
313, 50 0 468515.890616;
314, 90 128 468605.890616;
315, 60 0 468665.890616;
316, 60 128 468725.890616;
317, 50 0 468775.890616;
318, 60 128 468835.890616;
319, 212 0 469052.918575;
320, 0 128 469052.918575;
321, 121 0 469173.920263;
322, 0 128 469173.920263;
323, 197 0 469371.890244;
324, 3020 128 472392.081003;
325, 0 0 472392.081003;
326, 0 128 472392.081003;
327, 310 0 472702.085418;
328, 0 128 472702.085418;
329, 0 0 472702.085418;
330, 0 128 472702.085418;
331, 351 0 473053.089181;
332, 0 128 473053.089181;
333, 0 0 473053.089181;
334, 0 128 473053.089181;
335, 0 0 473053.089181;
336, 2937 128 475985.25144;
337, 100 0 476085.25144;
338, 70 128 476155.25144;
339, 60 0 476215.25144;
340, 87 128 476302.659623;
341, 80 0 476382.659623;
342, 7264 128 483672.74882;
343, 20 0 483672.74882;
344, 0 128 483672.74882;
345, 350 0 484022.70349;
346, 11196 128 495214.433984;
347, 81 0 495300.442891;
348, 136 128 495436.610257;
349, 0 0 495436.610257;
350, 542 128 495979.442951;
351, 51 0 496030.448386;
352, 44 128 496075.44272;
353, 69 0 496145.438974;
354, 57 128 496202.448668;
355, 20 0 496217.448668;
356, 20655 128 516872.613958;
357, 174 0 517051.647961;
358, 2241 128 519287.786422;
359, 107 0 519399.80538;
360, 8837 128 528232.314513;
361, 94 0 528252.314513;
362, 665 128 528992.337934;
363, 157 0 529012.337934;
364, 3337 128 532491.576101;
365, 0 0 532491.576101;
366, 432 128 532923.651815;
367, 0 0 532923.651815;
368, 0 128 532923.651815;
369, 0 0 532923.651815;
370, 0 128 532923.651815;
371, 0 0 532923.651815;
372, 0 128 532923.651815;
373, 474 0 533398.630518;
374, 0 128 533398.630518;
375, 0 0 533398.630518;
376, 0 128 533398.630518;
377, 0 0 533398.630518;
378, 0 128 533398.630518;
379, 0 0 533398.630518;
380, 565 128 533963.646146;
381, 0 0 533963.646146;
382, 2028 128 535991.804082;
383, 0 0 535991.804082;
384, 366 128 536357.818875;
385, 0 0 536357.818875;
386, 0 128 536357.818875;
387, 0 0 536357.818875;
388, 0 128 536357.818875;
389, 144 0 536502.776809;
390, 0 128 536502.776809;
391, 30 0 536527.776809;
392, 7031 128 543564.328645;
393, 177 0 543742.200579;
394, 655 128 544397.316207;
395, 0 0 544397.316207;
