0, 0 34559 49664.043772;
1, 10 39039 49674.043772;
2, 0 42495 49674.043772;
3, 20 46079 49694.043772;
4, 0 51072 49694.043772;
5, 10 54016 49704.043772;
6, 0 56704 49704.043772;
7, 10 58624 49714.043772;
8, 0 59776 49714.043772;
9, 20 59520 49734.043772;
10, 0 60416 49734.043772;
11, 10 61184 49744.043772;
12, 10 62208 49754.043772;
13, 0 62848 49754.043772;
14, 10 63872 49764.043772;
15, 10 64896 49774.043772;
16, 0 65408 49774.043772;
17, 710 63488 50484.043772;
18, 0 60288 50484.043772;
19, 20 55680 50504.043772;
20, 10 50560 50514.043772;
21, 0 42751 50514.043772;
22, 10 36863 50524.043772;
23, 0 32767 50524.043772;
24, 5990 32511 56514.043772;
25, 10 26623 56524.043772;
26, 10 20863 56534.043772;
27, 0 13440 56534.043772;
28, 10 5888 56544.043772;
29, 10 128 56554.043772;
30, 60 1408 56614.043772;
31, 0 9472 56614.043772;
32, 10 22783 56624.043772;
33, 10 32767 56634.043772;
34, 4420 22399 61054.043772;
35, 10 5248 61064.043772;
36, 10 128 61074.043772;
37, 60 1536 61134.043772;
38, 0 8960 61134.043772;
39, 10 19199 61144.043772;
40, 10 28031 61154.043772;
41, 10 32767 61164.043772;
42, 7020 30207 68184.043772;
43, 0 20351 68184.043772;
44, 10 7808 68194.043772;
45, 10 128 68204.043772;
46, 60 4096 68264.043772;
47, 10 12032 68274.043772;
48, 0 21759 68274.043772;
49, 10 32639 68284.043772;
50, 10 32767 68294.043772;
51, 8730 33407 77024.043772;
52, 0 39167 77024.043772;
53, 10 45567 77034.043772;
54, 0 54656 77034.043772;
55, 0 61696 77034.043772;
56, 20 64384 77054.043772;
57, 10 65408 77064.043772;
58, 1760 63232 78824.043772;
59, 10 59008 78834.043772;
60, 10 54016 78844.043772;
61, 0 47871 78844.043772;
62, 10 42239 78854.043772;
63, 10 37887 78864.043772;
64, 0 33151 78864.043772;
65, 0 32767 78864.043772;
66, 460 37119 79324.043772;
67, 10 40959 79334.043772;
68, 0 44799 79334.043772;
69, 10 50688 79344.043772;
70, 10 55168 79354.043772;
71, 0 60672 79354.043772;
72, 10 63104 79364.043772;
73, 10 65408 79374.043772;
74, 590 60672 79964.043772;
75, 10 55040 79974.043772;
76, 0 47871 79974.043772;
77, 10 40319 79984.043772;
78, 10 34303 79994.043772;
79, 0 32767 79994.043772;
80, 90 33279 80084.043772;
81, 10 38783 80094.043772;
82, 0 46207 80094.043772;
83, 10 53760 80104.043772;
84, 10 59904 80114.043772;
85, 10 65408 80124.043772;
86, 270 63360 80394.043772;
87, 0 58496 80394.043772;
88, 0 52608 80394.043772;
89, 20 46335 80414.043772;
90, 0 40831 80414.043772;
91, 10 35583 80424.043772;
92, 0 32767 80424.043772;
93, 17030 26623 97454.043772;
94, 10 15488 97464.043772;
95, 0 5120 97464.043772;
96, 10 1664 97474.043772;
97, 0 128 97474.043772;
98, 80 3328 97554.043772;
99, 0 9600 97554.043772;
100, 10 16767 97564.043772;
101, 10 24191 97574.043772;
102, 0 31615 97574.043772;
103, 10 32767 97584.043772;
104, 3190 21503 100774.043772;
105, 10 14848 100784.043772;
106, 0 128 100784.043772;
107, 110 5632 100894.043772;
108, 10 13952 100904.043772;
109, 0 24063 100904.043772;
110, 10 32767 100914.043772;
111, 19710 33535 120624.043772;
112, 0 39935 120624.043772;
113, 10 49280 120634.043772;
114, 10 56832 120644.043772;
115, 0 60544 120644.043772;
116, 10 63360 120654.043772;
117, 10 65408 120664.043772;
118, 90 65280 120754.043772;
119, 10 58880 120764.043772;
120, 10 50432 120774.043772;
121, 0 40319 120774.043772;
122, 0 32767 120774.043772;
123, 2700 29567 123474.043772;
124, 10 20351 123484.043772;
125, 0 10624 123484.043772;
126, 10 3456 123494.043772;
127, 10 768 123504.043772;
128, 10 128 123514.043772;
129, 70 4480 123584.043772;
130, 10 11904 123594.043772;
131, 10 20735 123604.043772;
132, 0 28031 123604.043772;
133, 10 32767 123614.043772;
134, 5770 30847 129384.043772;
135, 10 22527 129394.043772;
136, 10 14336 129404.043772;
137, 10 7552 129414.043772;
138, 0 4224 129414.043772;
139, 10 3200 129424.043772;
140, 0 2176 129424.043772;
141, 0 1664 129424.043772;
142, 10 1536 129434.043772;
143, 20 1408 129454.043772;
144, 20 1536 129474.043772;
145, 10 2048 129484.043772;
146, 10 3968 129494.043772;
147, 0 8192 129494.043772;
148, 10 14464 129504.043772;
149, 10 21503 129514.043772;
150, 10 28671 129524.043772;
151, 0 32767 129524.043772;
152, 590 28415 130114.043772;
153, 10 22015 130124.043772;
154, 0 15616 130124.043772;
155, 10 10752 130134.043772;
156, 0 6784 130134.043772;
157, 10 3968 130144.043772;
158, 10 2688 130154.043772;
159, 10 1792 130164.043772;
160, 0 1408 130164.043772;
161, 0 1280 130164.043772;
162, 20 1152 130184.043772;
163, 10 1280 130194.043772;
164, 10 1536 130204.043772;
165, 10 3200 130214.043772;
166, 10 7424 130224.043772;
167, 10 13056 130234.043772;
168, 0 19583 130234.043772;
169, 10 25087 130244.043772;
170, 10 30975 130254.043772;
171, 10 32767 130264.043772;
172, 540 26239 130804.043772;
173, 0 18175 130804.043772;
174, 10 9984 130814.043772;
175, 0 3584 130814.043772;
176, 10 128 130824.043772;
177, 90 3584 130914.043772;
178, 0 9984 130914.043772;
179, 0 17151 130914.043772;
180, 20 24191 130934.043772;
181, 0 30591 130934.043772;
182, 10 32767 130944.043772;
183, 3260 24575 134204.043772;
184, 0 11264 134204.043772;
185, 10 3712 134214.043772;
186, 0 1792 134214.043772;
187, 10 128 134224.043772;
188, 90 1664 134314.043772;
189, 0 5888 134314.043772;
190, 10 11776 134324.043772;
191, 10 18815 134334.043772;
192, 0 25087 134334.043772;
193, 0 31743 134334.043772;
194, 20 32767 134354.043772;
195, 510 27775 134864.043772;
196, 10 20991 134874.043772;
197, 0 13440 134874.043772;
198, 10 7296 134884.043772;
199, 10 2816 134894.043772;
200, 0 1408 134894.043772;
201, 10 128 134904.043772;
202, 60 1536 134964.043772;
203, 10 4992 134974.043772;
204, 10 10752 134984.043772;
205, 0 17279 134984.043772;
206, 10 23807 134994.043772;
207, 10 30207 135004.043772;
208, 10 32767 135014.043772;
209, 15830 26495 150844.043772;
210, 10 17023 150854.043772;
211, 10 6912 150864.043772;
212, 0 128 150864.043772;
213, 110 1920 150974.043772;
214, 0 7808 150974.043772;
215, 10 14848 150984.043772;
216, 10 22015 150994.043772;
217, 10 29311 151004.043772;
218, 0 32767 151004.043772;
219, 770 34559 151774.043772;
220, 10 40831 151784.043772;
221, 0 47103 151784.043772;
222, 10 54528 151794.043772;
223, 0 59392 151794.043772;
224, 10 61568 151804.043772;
225, 10 63744 151814.043772;
226, 10 65408 151824.043772;
227, 800 64896 152624.043772;
228, 0 60160 152624.043772;
229, 10 55424 152634.043772;
230, 10 49920 152644.043772;
231, 10 44415 152654.043772;
232, 0 39423 152654.043772;
233, 10 35839 152664.043772;
234, 10 34431 152674.043772;
235, 0 32767 152674.043772;
236, 110 34431 152784.043772;
237, 0 38527 152784.043772;
238, 0 44031 152784.043772;
239, 10 49792 152794.043772;
240, 20 55936 152814.043772;
241, 10 61824 152824.043772;
242, 0 65408 152824.043772;
243, 420 61184 153244.043772;
244, 10 51840 153254.043772;
245, 10 41599 153264.043772;
246, 0 34431 153264.043772;
247, 10 32767 153274.043772;
248, 90 33407 153364.043772;
249, 0 36351 153364.043772;
250, 10 41215 153374.043772;
251, 0 45951 153374.043772;
252, 10 50432 153384.043772;
253, 10 54656 153394.043772;
254, 0 58880 153394.043772;
255, 10 63488 153404.043772;
256, 10 65408 153414.043772;
257, 310 63488 153724.043772;
258, 20 59136 153744.043772;
259, 0 53248 153744.043772;
260, 10 46719 153754.043772;
261, 10 41343 153764.043772;
262, 0 36735 153764.043772;
263, 10 32767 153774.043772;
264, 2870 31359 156644.043772;
265, 10 25727 156654.043772;
266, 0 19839 156654.043772;
267, 10 12800 156664.043772;
268, 10 5760 156674.043772;
269, 10 128 156684.043772;
270, 90 3456 156774.043772;
271, 10 9728 156784.043772;
272, 0 16767 156784.043772;
273, 10 23423 156794.043772;
274, 0 29567 156794.043772;
275, 10 32767 156804.043772;
276, 750 29311 157554.043772;
277, 10 23807 157564.043772;
278, 10 18431 157574.043772;
279, 0 12544 157574.043772;
280, 10 6272 157584.043772;
281, 10 1152 157594.043772;
282, 0 128 157594.043772;
283, 90 1280 157684.043772;
284, 10 6272 157694.043772;
285, 0 12928 157694.043772;
286, 10 20607 157704.043772;
287, 0 27135 157704.043772;
288, 20 32767 157724.043772;
289, 5450 32639 163174.043772;
290, 10 25983 163184.043772;
291, 0 17663 163184.043772;
292, 10 9472 163194.043772;
293, 10 2560 163204.043772;
294, 10 128 163214.043772;
295, 80 3840 163294.043772;
296, 10 10752 163304.043772;
297, 0 17663 163304.043772;
298, 10 24319 163314.043772;
299, 10 30719 163324.043772;
300, 0 32767 163324.043772;
301, 2020 33663 165344.043772;
302, 10 37759 165354.043772;
303, 0 41343 165354.043772;
304, 10 44927 165364.043772;
305, 10 50048 165374.043772;
306, 0 52864 165374.043772;
307, 10 55808 165384.043772;
308, 0 58368 165384.043772;
309, 10 60160 165394.043772;
310, 10 61056 165404.043772;
311, 10 61952 165414.043772;
312, 10 62592 165424.043772;
313, 0 63488 165424.043772;
314, 10 64000 165434.043772;
315, 0 64896 165434.043772;
316, 10 65408 165444.043772;
317, 1780 60928 167224.043772;
318, 10 55552 167234.043772;
319, 0 49408 167234.043772;
320, 20 42495 167254.043772;
321, 0 36095 167254.043772;
322, 10 33791 167264.043772;
323, 10 32767 167274.043772;
324, 100 34303 167374.043772;
325, 10 38015 167384.043772;
326, 10 42623 167394.043772;
327, 0 47487 167394.043772;
328, 10 53120 167404.043772;
329, 10 57344 167414.043772;
330, 0 62208 167414.043772;
331, 10 65408 167424.043772;
332, 690 63488 168114.043772;
333, 10 60032 168124.043772;
334, 0 56576 168124.043772;
335, 0 52224 168124.043772;
336, 10 46847 168134.043772;
337, 10 41983 168144.043772;
338, 10 38783 168154.043772;
339, 10 36223 168164.043772;
340, 0 34815 168164.043772;
341, 10 33407 168174.043772;
342, 10 32767 168184.043772;
343, 90 35455 168274.043772;
344, 10 39167 168284.043772;
345, 0 43647 168284.043772;
346, 0 47871 168284.043772;
347, 20 52992 168304.043772;
348, 0 56704 168304.043772;
349, 10 60160 168314.043772;
350, 10 63872 168324.043772;
351, 0 65408 168324.043772;
352, 1110 62592 169434.043772;
353, 10 59008 169444.043772;
354, 0 53760 169444.043772;
355, 10 47103 169454.043772;
356, 10 41343 169464.043772;
357, 0 36223 169464.043772;
358, 0 32767 169464.043772;
359, 13330 30591 182794.043772;
360, 10 25087 182804.043772;
361, 10 17535 182814.043772;
362, 0 8320 182814.043772;
363, 10 128 182824.043772;
364, 110 3200 182934.043772;
365, 10 9472 182944.043772;
366, 10 16128 182954.043772;
367, 0 22911 182954.043772;
368, 10 29183 182964.043772;
369, 0 32767 182964.043772;
370, 4220 31743 187184.043772;
371, 10 23935 187194.043772;
372, 0 14720 187194.043772;
373, 10 5632 187204.043772;
374, 10 128 187214.043772;
375, 90 640 187304.043772;
376, 10 5888 187314.043772;
377, 10 12800 187324.043772;
378, 0 20607 187324.043772;
379, 10 26751 187334.043772;
380, 0 32767 187334.043772;
381, 550 25343 187884.043772;
382, 0 11392 187884.043772;
383, 20 128 187904.043772;
384, 100 2688 188004.043772;
385, 10 10496 188014.043772;
386, 10 19455 188024.043772;
387, 0 27007 188024.043772;
388, 10 32767 188034.043772;
389, 1660 30847 189694.043772;
390, 0 20223 189694.043772;
391, 0 3456 189694.043772;
392, 10 128 189704.043772;
393, 190 3200 189894.043772;
394, 10 18431 189904.043772;
395, 10 32767 189914.043772;
396, 7676 30719 197593.798001;
397, 10 24575 197603.798001;
398, 10 17535 197613.798001;
399, 0 9600 197613.798001;
400, 10 3200 197623.798001;
401, 10 1280 197633.798001;
402, 0 128 197633.798001;
403, 80 2304 197713.798001;
404, 10 6784 197723.798001;
405, 10 13056 197733.798001;
406, 0 19711 197733.798001;
407, 0 24703 197733.798001;
408, 10 30079 197743.798001;
409, 10 32767 197753.798001;
410, 8065 26367 205816.412487;
411, 10 17919 205826.412487;
412, 10 9344 205836.412487;
413, 0 3200 205836.412487;
414, 10 1280 205846.412487;
415, 10 128 205856.412487;
416, 70 1152 205926.412487;
417, 0 4992 205926.412487;
418, 20 10752 205946.412487;
419, 0 16767 205946.412487;
420, 10 23295 205956.412487;
421, 10 29439 205966.412487;
422, 0 32767 205966.412487;
423, 3560 30335 209526.412487;
424, 0 25343 209526.412487;
425, 10 20735 209536.412487;
426, 10 15104 209546.412487;
427, 0 9984 209546.412487;
428, 10 6528 209556.412487;
429, 0 4480 209556.412487;
430, 0 3200 209556.412487;
431, 10 2560 209566.412487;
432, 10 2304 209576.412487;
433, 10 2048 209586.412487;
434, 10 1920 209596.412487;
435, 30 2048 209626.412487;
436, 10 2816 209636.412487;
437, 10 4992 209646.412487;
438, 10 8448 209656.412487;
439, 0 13056 209656.412487;
440, 10 18559 209666.412487;
441, 0 23807 209666.412487;
442, 20 28799 209686.412487;
443, 0 32767 209686.412487;
444, 500 30079 210186.412487;
445, 0 22655 210186.412487;
446, 10 15104 210196.412487;
447, 10 9088 210206.412487;
448, 0 5248 210206.412487;
449, 0 3072 210206.412487;
450, 20 1920 210226.412487;
451, 0 1280 210226.412487;
452, 10 640 210236.412487;
453, 10 128 210246.412487;
454, 30 256 210276.412487;
455, 20 1664 210296.412487;
456, 0 3584 210296.412487;
457, 10 7552 210306.412487;
458, 10 12416 210316.412487;
459, 0 17919 210316.412487;
460, 0 23167 210316.412487;
461, 10 27647 210326.412487;
462, 20 32255 210346.412487;
463, 0 32767 210346.412487;
464, 4669 29951 215015.921287;
465, 10 22143 215025.921287;
466, 10 14592 215035.921287;
467, 0 7680 215035.921287;
468, 10 3712 215045.921287;
469, 10 1920 215055.921287;
470, 0 128 215055.921287;
471, 70 1408 215125.921287;
472, 10 4736 215135.921287;
473, 0 10368 215135.921287;
474, 10 16256 215145.921287;
475, 10 22399 215155.921287;
476, 0 27775 215155.921287;
477, 10 32767 215165.921287;
478, 8110 33279 223275.921287;
479, 0 37119 223275.921287;
480, 10 40959 223285.921287;
481, 0 46079 223285.921287;
482, 10 53632 223295.921287;
483, 10 58752 223305.921287;
484, 10 61056 223315.921287;
485, 10 62720 223325.921287;
486, 0 64640 223325.921287;
487, 0 65408 223325.921287;
488, 1030 65280 224355.921287;
489, 0 61824 224355.921287;
490, 10 58496 224365.921287;
491, 10 54016 224375.921287;
492, 10 49408 224385.921287;
493, 0 42751 224385.921287;
494, 0 38911 224385.921287;
495, 10 33279 224395.921287;
496, 0 32767 224395.921287;
497, 1150 32639 225545.921287;
498, 0 27519 225545.921287;
499, 10 22143 225555.921287;
500, 10 15744 225565.921287;
501, 0 9344 225565.921287;
502, 0 3456 225565.921287;
503, 10 896 225575.921287;
504, 20 128 225595.921287;
505, 80 2304 225675.921287;
506, 0 6784 225675.921287;
507, 10 12544 225685.921287;
508, 10 18815 225695.921287;
509, 0 23807 225695.921287;
510, 10 27903 225705.921287;
511, 10 32383 225715.921287;
512, 0 32767 225715.921287;
513, 2725 34175 228441.812772;
514, 10 40319 228451.812772;
515, 0 45951 228451.812772;
516, 10 53248 228461.812772;
517, 10 60544 228471.812772;
518, 0 63616 228471.812772;
519, 0 65408 228471.812772;
520, 90 61568 228561.812772;
521, 10 53888 228571.812772;
522, 0 42623 228571.812772;
523, 10 33151 228581.812772;
524, 10 32767 228591.812772;
525, 3860 33151 232451.812772;
526, 0 37375 232451.812772;
527, 10 42495 232461.812772;
528, 10 49536 232471.812772;
529, 10 54528 232481.812772;
530, 0 60032 232481.812772;
531, 0 61952 232481.812772;
532, 10 63616 232491.812772;
533, 0 65280 232491.812772;
534, 10 65408 232501.812772;
535, 3650 62848 236151.812772;
536, 10 58496 236161.812772;
537, 10 52608 236171.812772;
538, 0 46207 236171.812772;
539, 10 40319 236181.812772;
540, 0 34047 236181.812772;
541, 10 32767 236191.812772;
542, 3415 29823 239607.431729;
543, 10 25471 239617.431729;
544, 0 20991 239617.431729;
545, 10 15744 239627.431729;
546, 0 11392 239627.431729;
547, 10 7168 239637.431729;
548, 10 4096 239647.431729;
549, 10 2816 239657.431729;
550, 0 2048 239657.431729;
551, 10 1408 239667.431729;
552, 0 640 239667.431729;
553, 10 384 239677.431729;
554, 10 128 239687.431729;
555, 140 256 239827.431729;
556, 10 512 239837.431729;
557, 20 640 239857.431729;
558, 10 512 239867.431729;
559, 0 640 239867.431729;
560, 30 512 239897.431729;
561, 0 640 239897.431729;
562, 10 512 239907.431729;
563, 30 640 239937.431729;
564, 20 512 239957.431729;
565, 10 640 239967.431729;
566, 0 512 239967.431729;
567, 10 640 239977.431729;
568, 10 512 239987.431729;
569, 10 640 239997.431729;
570, 90 768 240087.431729;
571, 0 640 240087.431729;
572, 20 768 240107.431729;
573, 0 640 240107.431729;
574, 20 768 240127.431729;
575, 10 1024 240137.431729;
576, 10 1408 240147.431729;
577, 0 1664 240147.431729;
578, 10 1792 240157.431729;
579, 70 2560 240227.431729;
580, 10 3584 240237.431729;
581, 10 5376 240247.431729;
582, 0 7680 240247.431729;
583, 10 11136 240257.431729;
584, 10 14720 240267.431729;
585, 0 19071 240267.431729;
586, 10 22015 240277.431729;
587, 10 25471 240287.431729;
588, 10 27775 240297.431729;
589, 0 31103 240297.431729;
590, 0 32383 240297.431729;
591, 10 32511 240307.431729;
592, 20 32767 240327.431729;
593, 2260 37375 242587.431729;
594, 10 41471 242597.431729;
595, 0 45951 242597.431729;
596, 10 52352 242607.431729;
597, 10 57472 242617.431729;
598, 0 60544 242617.431729;
599, 10 61824 242627.431729;
600, 10 63488 242637.431729;
601, 0 65152 242637.431729;
602, 10 65408 242647.431729;
603, 1580 65280 244227.431729;
604, 10 62208 244237.431729;
605, 0 59136 244237.431729;
606, 10 54528 244247.431729;
607, 10 49792 244257.431729;
608, 10 42623 244267.431729;
609, 0 38399 244267.431729;
610, 10 33023 244277.431729;
611, 0 32767 244277.431729;
612, 1200 28415 245479.807284;
613, 10 22015 245489.807284;
614, 0 14848 245489.807284;
615, 0 7040 245489.807284;
616, 10 1792 245499.807284;
617, 0 128 245499.807284;
618, 110 2688 245609.807284;
619, 10 7296 245619.807284;
620, 0 13440 245619.807284;
621, 10 20351 245629.807284;
622, 10 25599 245639.807284;
623, 10 30719 245649.807284;
624, 0 32767 245649.807284;
625, 870 32255 246519.807284;
626, 0 27007 246519.807284;
627, 10 21247 246529.807284;
628, 0 13696 246529.807284;
629, 10 5888 246539.807284;
630, 10 1792 246549.807284;
631, 0 640 246549.807284;
632, 0 128 246549.807284;
633, 80 640 246629.807284;
634, 10 3712 246639.807284;
635, 10 9472 246649.807284;
636, 10 15744 246659.807284;
637, 0 22015 246659.807284;
638, 0 27135 246659.807284;
639, 10 31871 246669.807284;
640, 10 32767 246679.807284;
641, 3751 31487 250432.175095;
642, 0 25983 250432.175095;
643, 10 19583 250442.175095;
644, 10 12160 250452.175095;
645, 0 5248 250452.175095;
646, 10 1152 250462.175095;
647, 10 128 250472.175095;
648, 90 512 250562.175095;
649, 10 3840 250572.175095;
650, 10 8832 250582.175095;
651, 0 14336 250582.175095;
652, 10 20607 250592.175095;
653, 0 25599 250592.175095;
654, 10 27519 250602.175095;
655, 10 28031 250612.175095;
656, 10 30207 250622.175095;
657, 0 31999 250622.175095;
658, 0 32767 250622.175095;
659, 2788 34943 253407.293649;
660, 10 39039 253417.293649;
661, 0 42879 253417.293649;
662, 10 48127 253427.293649;
663, 0 53248 253427.293649;
664, 10 57472 253437.293649;
665, 10 59520 253447.293649;
666, 10 61056 253457.293649;
667, 0 62208 253457.293649;
668, 10 63360 253467.293649;
669, 10 64256 253477.293649;
670, 10 65280 253487.293649;
671, 0 65408 253487.293649;
672, 1270 65280 254757.293649;
673, 0 62592 254757.293649;
674, 10 59520 254767.293649;
675, 0 55168 254767.293649;
676, 20 50176 254787.293649;
677, 0 42751 254787.293649;
678, 10 37503 254797.293649;
679, 10 32767 254807.293649;
680, 3049 30719 257856.48446;
681, 10 22271 257866.48446;
682, 10 12416 257876.48446;
683, 10 2816 257886.48446;
684, 0 128 257886.48446;
685, 90 2816 257976.48446;
686, 10 8192 257986.48446;
687, 10 14592 257996.48446;
688, 10 20991 258006.48446;
689, 10 25983 258016.48446;
690, 0 31231 258016.48446;
691, 0 32767 258016.48446;
692, 603 31999 258619.660206;
693, 0 24191 258619.660206;
694, 0 15872 258619.660206;
695, 10 8576 258629.660206;
696, 0 2432 258629.660206;
697, 10 128 258639.660206;
698, 57 4608 258697.659155;
699, 0 10752 258697.659155;
700, 0 16128 258697.659155;
701, 10 21247 258707.659155;
702, 0 25599 258707.659155;
703, 0 30335 258707.659155;
704, 51 32767 258717.659155;
705, 410 29695 259169.640371;
706, 10 20351 259179.640371;
707, 10 7552 259189.640371;
708, 0 128 259189.640371;
709, 102 1664 259291.657639;
710, 10 12928 259301.657639;
711, 10 26751 259311.657639;
712, 10 32767 259321.657639;
713, 2660 33791 261981.815212;
714, 10 39935 261991.815212;
715, 0 44799 261991.815212;
716, 0 52224 261991.815212;
717, 20 58752 262011.815212;
718, 10 61568 262021.815212;
719, 10 63104 262031.815212;
720, 0 65280 262031.815212;
721, 10 65408 262041.815212;
722, 1950 65024 263991.815212;
723, 10 64640 264001.815212;
724, 40 64768 264041.815212;
725, 30 64896 264071.815212;
726, 30 64640 264101.815212;
727, 0 63488 264101.815212;
728, 10 61312 264111.815212;
729, 20 58496 264131.815212;
730, 0 54144 264131.815212;
731, 10 49664 264141.815212;
732, 10 42367 264151.815212;
733, 0 35967 264151.815212;
734, 10 32767 264161.815212;
735, 3290 35071 267453.032455;
736, 10 40063 267463.032455;
737, 0 44287 267463.032455;
738, 10 50176 267473.032455;
739, 10 54144 267483.032455;
740, 0 57344 267483.032455;
741, 10 58880 267493.032455;
742, 10 60672 267503.032455;
743, 10 61568 267513.032455;
744, 0 62336 267513.032455;
745, 10 62848 267523.032455;
746, 10 63616 267533.032455;
747, 0 64384 267533.032455;
748, 0 64896 267533.032455;
749, 20 65280 267553.032455;
750, 10 65408 267563.032455;
751, 1090 61696 268653.032455;
752, 0 58112 268653.032455;
753, 10 52992 268663.032455;
754, 0 46975 268663.032455;
755, 10 42239 268673.032455;
756, 10 38271 268683.032455;
757, 10 33279 268693.032455;
758, 10 32767 268703.032455;
759, 250 33919 268953.032455;
760, 10 38911 268963.032455;
761, 10 43007 268973.032455;
762, 0 50560 268973.032455;
763, 10 57088 268983.032455;
764, 10 61440 268993.032455;
765, 0 62848 268993.032455;
766, 10 65280 269003.032455;
767, 0 65408 269003.032455;
768, 670 63616 269673.032455;
769, 0 61056 269673.032455;
770, 10 59776 269683.032455;
771, 20 59648 269703.032455;
772, 0 59904 269703.032455;
773, 10 60288 269713.032455;
774, 10 60672 269723.032455;
775, 0 61312 269723.032455;
776, 0 62208 269723.032455;
777, 10 62848 269733.032455;
778, 10 63744 269743.032455;
779, 10 64768 269753.032455;
780, 0 65408 269753.032455;
781, 100 65280 269853.032455;
782, 0 59392 269853.032455;
783, 10 53248 269863.032455;
784, 10 45823 269873.032455;
785, 10 38655 269883.032455;
786, 10 34431 269893.032455;
787, 0 32767 269893.032455;
788, 100 35839 269993.032455;
789, 0 42239 269993.032455;
790, 10 49280 270003.032455;
791, 0 55936 270003.032455;
792, 10 61824 270013.032455;
793, 10 65408 270023.032455;
794, 610 63360 270633.032455;
795, 10 57856 270643.032455;
796, 0 51712 270643.032455;
797, 10 44287 270653.032455;
798, 10 37119 270663.032455;
799, 0 32767 270663.032455;
800, 100 34303 270763.032455;
801, 10 38143 270773.032455;
802, 10 41599 270783.032455;
803, 0 44159 270783.032455;
804, 0 45439 270783.032455;
805, 10 46847 270793.032455;
806, 10 47999 270803.032455;
807, 10 49408 270813.032455;
808, 10 51328 270823.032455;
809, 0 52864 270823.032455;
810, 10 54016 270833.032455;
811, 10 55808 270843.032455;
812, 10 57472 270853.032455;
813, 0 59392 270853.032455;
814, 10 61952 270863.032455;
815, 0 64256 270863.032455;
816, 10 65408 270873.032455;
817, 500 65280 271373.032455;
818, 10 63872 271383.032455;
819, 0 62720 271383.032455;
820, 10 60032 271393.032455;
821, 10 58240 271403.032455;
822, 0 56192 271403.032455;
823, 10 54016 271413.032455;
824, 10 51456 271423.032455;
825, 0 47999 271423.032455;
826, 0 45183 271423.032455;
827, 10 42111 271433.032455;
828, 0 38911 271433.032455;
829, 30 35967 271463.032455;
830, 0 34431 271463.032455;
831, 0 34047 271463.032455;
832, 10 32767 271473.032455;
833, 80 33919 271553.032455;
834, 0 35967 271553.032455;
835, 10 39679 271563.032455;
836, 10 44287 271573.032455;
837, 0 49152 271573.032455;
838, 10 53888 271583.032455;
839, 10 58112 271593.032455;
840, 10 61824 271603.032455;
841, 0 64256 271603.032455;
842, 10 65024 271613.032455;
843, 0 65408 271613.032455;
844, 290 62208 271903.032455;
845, 0 56832 271903.032455;
846, 10 50944 271913.032455;
847, 10 43135 271923.032455;
848, 0 38655 271923.032455;
849, 0 33151 271923.032455;
850, 10 32767 271933.032455;
851, 4947 37503 276879.650076;
852, 10 42623 276889.650076;
853, 0 50176 276889.650076;
854, 10 56832 276899.650076;
855, 10 61056 276909.650076;
856, 10 62336 276919.650076;
857, 0 64128 276919.650076;
858, 10 65408 276929.650076;
859, 60 63360 276989.650076;
860, 10 60032 276999.650076;
861, 0 55552 276999.650076;
862, 10 50432 277009.650076;
863, 10 42751 277019.650076;
864, 10 36863 277029.650076;
865, 0 32767 277029.650076;
866, 190 25471 277219.650076;
867, 0 13440 277219.650076;
868, 10 5888 277229.650076;
869, 10 2432 277239.650076;
870, 0 128 277239.650076;
871, 90 2816 277329.650076;
872, 10 10240 277339.650076;
873, 0 19455 277339.650076;
874, 10 27135 277349.650076;
875, 0 32767 277349.650076;
876, 2818 37503 280167.83651;
877, 10 44671 280202.855994;
878, 10 53888 280202.855994;
879, 0 59776 280202.855994;
880, 10 62464 280202.855994;
881, 30 65408 280227.855994;
882, 1240 59008 281467.855994;
883, 0 51584 281467.855994;
884, 10 41983 281477.855994;
885, 0 33919 281477.855994;
886, 0 32767 281477.855994;
887, 2034 33407 283512.033648;
888, 0 37247 283512.033648;
889, 10 41215 283522.033648;
890, 0 45823 283522.033648;
891, 10 52608 283532.033648;
892, 10 58624 283542.033648;
893, 0 62720 283542.033648;
894, 10 64896 283552.033648;
895, 10 65408 283562.033648;
896, 1882 65280 285444.173516;
897, 0 61952 285444.173516;
898, 10 58624 285454.173516;
899, 10 54144 285464.173516;
900, 0 49792 285464.173516;
901, 10 43135 285474.173516;
902, 0 39167 285474.173516;
903, 20 33407 285494.173516;
904, 0 32767 285494.173516;
905, 4165 32511 289659.340379;
906, 10 23423 289669.340379;
907, 0 10752 289669.340379;
908, 10 2432 289679.340379;
909, 10 128 289689.340379;
910, 90 1408 289779.340379;
911, 10 6400 289789.340379;
912, 10 13312 289799.340379;
913, 0 20991 289799.340379;
914, 10 27263 289809.340379;
915, 0 32767 289809.340379;
916, 2659 31615 292468.579872;
917, 10 28543 292478.579872;
918, 10 26367 292488.579872;
919, 10 24575 292498.579872;
920, 10 22911 292508.579872;
921, 0 21375 292508.579872;
922, 10 18815 292518.579872;
923, 0 13440 292518.579872;
924, 10 6784 292528.579872;
925, 0 1792 292528.579872;
926, 0 128 292528.579872;
927, 125 4480 292653.642426;
928, 0 11392 292653.642426;
929, 10 19071 292663.642426;
930, 10 25599 292673.642426;
931, 10 31359 292683.642426;
932, 0 32767 292683.642426;
933, 4582 33407 297265.887849;
934, 10 37887 297275.887849;
935, 10 41727 297285.887849;
936, 10 46463 297295.887849;
937, 0 52864 297295.887849;
938, 0 57728 297295.887849;
939, 10 60416 297305.887849;
940, 0 61184 297305.887849;
941, 0 62080 297305.887849;
942, 40 62720 297350.899651;
943, 0 62976 297350.899651;
944, 0 63232 297350.899651;
945, 10 63360 297355.899651;
946, 20 63232 297375.899651;
947, 10 62848 297385.899651;
948, 10 62080 297395.899651;
949, 10 59648 297405.899651;
950, 0 56064 297405.899651;
951, 0 51840 297405.899651;
952, 10 46079 297415.899651;
953, 0 40703 297415.899651;
954, 0 35327 297415.899651;
955, 10 32767 297454.860897;
956, 6670 34047 304096.150286;
957, 10 39039 304106.150286;
958, 0 43647 304106.150286;
959, 0 51712 304106.150286;
960, 10 55936 304116.150286;
961, 10 59776 304126.150286;
962, 10 61952 304136.150286;
963, 10 64256 304146.150286;
964, 0 65408 304146.150286;
965, 1550 64768 305696.150286;
966, 10 61312 305706.150286;
967, 0 57856 305706.150286;
968, 10 52608 305716.150286;
969, 0 46335 305716.150286;
970, 10 40191 305726.150286;
971, 0 33407 305726.150286;
972, 42 32767 305736.150286;
973, 80 31871 305848.420681;
974, 0 22399 305848.420681;
975, 10 11392 305858.420681;
976, 10 1792 305868.420681;
977, 10 128 305878.420681;
978, 50 4352 305928.420681;
979, 77 12544 306011.350035;
980, 0 21247 306011.350035;
981, 0 29567 306011.350035;
982, 0 32767 306011.350035;
983, 1582 29823 307588.430408;
984, 0 11136 307588.430408;
985, 0 128 307588.430408;
986, 142 7552 307735.557592;
987, 0 21503 307735.557592;
988, 45 32767 307781.556943;
989, 10 29567 307814.470564;
990, 0 26495 307814.470564;
991, 0 24703 307814.470564;
992, 0 24063 307814.470564;
993, 10 24191 307814.470564;
994, 0 24831 307814.470564;
995, 0 26623 307814.470564;
996, 0 29823 307814.470564;
997, 0 32767 307814.470564;
998, 177 32383 307974.546675;
999, 10 32511 307984.546675;
1000, 0 32767 307984.546675;
1001, 2464 33151 310448.56579;
1002, 0 33407 310448.56579;
1003, 10 33919 310458.56579;
1004, 0 34175 310458.56579;
1005, 10 34431 310468.56579;
1006, 36 34559 310509.688054;
1007, 0 35327 310509.688054;
1008, 0 37119 310509.688054;
1009, 10 38911 310514.688054;
1010, 0 41215 310514.688054;
1011, 0 44159 310514.688054;
1012, 10 49536 310524.688054;
1013, 10 53888 310534.688054;
1014, 10 58112 310544.688054;
1015, 0 61312 310544.688054;
1016, 0 63872 310544.688054;
1017, 10 65408 310554.688054;
1018, 490 62592 311045.688191;
1019, 0 58112 311045.688191;
1020, 10 51968 311055.688191;
1021, 10 44031 311065.688191;
1022, 10 38783 311075.688191;
1023, 0 33023 311075.688191;
1024, 10 32767 311085.688191;
1025, 2106 32255 313195.82088;
1026, 0 23679 313195.82088;
1027, 0 13440 313195.82088;
1028, 0 4480 313195.82088;
1029, 0 128 313195.82088;
1030, 100 1664 313292.841574;
1031, 10 7936 313302.841574;
1032, 0 16767 313302.841574;
1033, 0 24703 313302.841574;
1034, 10 32127 313312.841574;
1035, 0 32767 313312.841574;
1036, 6545 32511 319856.095418;
1037, 10 27391 319866.095418;
1038, 10 21247 319876.095418;
1039, 0 13696 319876.095418;
1040, 0 5632 319876.095418;
1041, 10 128 319886.095418;
1042, 110 768 319996.095418;
1043, 0 6016 319996.095418;
1044, 0 12928 319996.095418;
1045, 10 20479 320006.095418;
1046, 0 26367 320006.095418;
1047, 35 31999 320016.095418;
1048, 0 32767 320016.095418;
1049, 1975 29439 322016.345096;
1050, 0 21759 322016.345096;
1051, 0 13056 322016.345096;
1052, 10 3584 322026.345096;
1053, 0 128 322026.345096;
1054, 76 3456 322130.357649;
1055, 10 12928 322130.357649;
1056, 0 23167 322130.357649;
1057, 0 32767 322130.357649;
1058, 2415 31231 324528.45237;
1059, 10 24575 324538.45237;
1060, 0 16128 324538.45237;
1061, 10 7936 324548.45237;
1062, 10 2304 324558.45237;
1063, 0 128 324558.45237;
1064, 110 2176 324668.45237;
1065, 0 6784 324668.45237;
1066, 10 13056 324678.45237;
1067, 0 20351 324678.45237;
1068, 10 26367 324688.45237;
1069, 10 32511 324698.45237;
1070, 0 32767 324698.45237;
1071, 2656 22143 327356.616857;
1072, 10 2304 327366.616857;
1073, 0 128 327366.616857;
1074, 121 7808 327416.616857;
1075, 0 20607 327416.616857;
1076, 0 32767 327416.616857;
1077, 3524 32639 331009.725484;
1078, 0 30335 331009.725484;
1079, 10 27007 331019.725484;
1080, 0 24191 331019.725484;
1081, 20 20479 331039.725484;
1082, 0 15744 331039.725484;
1083, 10 11520 331049.725484;
1084, 0 7296 331049.725484;
1085, 10 3328 331059.725484;
1086, 0 512 331059.725484;
1087, 10 128 331069.725484;
1088, 50 1536 331119.725484;
1089, 10 5376 331129.725484;
1090, 10 11264 331139.725484;
1091, 10 17919 331149.725484;
1092, 0 24575 331149.725484;
1093, 10 31231 331159.725484;
1094, 10 32767 331169.725484;
1095, 732 30975 331901.924764;
1096, 10 27519 331911.924764;
1097, 0 20479 331911.924764;
1098, 10 10880 331921.924764;
1099, 0 5632 331921.924764;
1100, 10 2560 331931.924764;
1101, 0 128 331931.924764;
1102, 90 3328 332023.935306;
1103, 10 8704 332033.935306;
1104, 0 14720 332033.935306;
1105, 0 20991 332033.935306;
1106, 10 26879 332043.935306;
1107, 10 32767 332053.935306;
1108, 4459 30463 336511.159926;
1109, 10 19455 336521.159926;
1110, 10 5376 336531.159926;
1111, 0 128 336531.159926;
1112, 100 3072 336631.159926;
1113, 0 11776 336631.159926;
1114, 10 21887 336641.159926;
1115, 0 31999 336641.159926;
1116, 10 32767 336651.159926;
1117, 4378 29951 341029.454506;
1118, 10 22015 341039.454506;
1119, 0 14080 341039.454506;
1120, 0 6912 341039.454506;
1121, 10 2304 341049.454506;
1122, 10 128 341059.454506;
1123, 60 1536 341119.454506;
1124, 10 5888 341129.454506;
1125, 10 12160 341139.454506;
1126, 0 20223 341139.454506;
1127, 10 27263 341149.454506;
1128, 0 32767 341149.454506;
1129, 6105 31103 347254.771419;
1130, 0 27391 347254.771419;
1131, 0 23551 347254.771419;
1132, 64 19199 347324.769986;
1133, 0 14336 347324.769986;
1134, 10 10496 347329.769986;
1135, 0 7424 347329.769986;
1136, 0 6144 347329.769986;
1137, 10 5376 347339.769986;
1138, 0 4480 347339.769986;
1139, 37 4224 347382.766459;
1140, 10 4608 347387.766459;
1141, 10 5248 347397.766459;
1142, 0 6400 347397.766459;
1143, 10 8576 347407.766459;
1144, 10 11648 347417.766459;
1145, 10 15360 347427.766459;
1146, 0 20351 347427.766459;
1147, 0 24703 347427.766459;
1148, 10 30079 347437.766459;
1149, 0 32767 347437.766459;
1150, 9360 30207 356798.305231;
1151, 10 21119 356808.305231;
1152, 0 10752 356808.305231;
1153, 10 2304 356818.305231;
1154, 0 128 356818.305231;
1155, 80 3200 356898.305231;
1156, 0 10624 356898.305231;
1157, 10 19583 356908.305231;
1158, 0 27775 356908.305231;
1159, 10 32767 356918.305231;
1160, 538 19583 357456.379369;
1161, 0 128 357456.379369;
1162, 100 6016 357556.379369;
1163, 10 18815 357566.379369;
1164, 10 32767 357576.379369;
1165, 80 30591 357656.379369;
1166, 10 17791 357666.379369;
1167, 0 2176 357666.379369;
1168, 10 128 357676.379369;
1169, 70 1664 357746.379369;
1170, 10 14336 357756.379369;
1171, 0 31103 357756.379369;
1172, 10 32767 357766.379369;
1173, 23255 28543 381021.780361;
1174, 10 22271 381031.780361;
1175, 10 18943 381041.780361;
1176, 0 15232 381041.780361;
1177, 10 11776 381051.780361;
1178, 10 8704 381061.780361;
1179, 0 7040 381061.780361;
1180, 0 6784 381061.780361;
1181, 40 9728 381101.780361;
1182, 10 14848 381111.780361;
1183, 0 21119 381111.780361;
1184, 0 27135 381111.780361;
1185, 10 32767 381121.780361;
1186, 8615 27903 389737.149314;
1187, 0 22015 389737.149314;
1188, 10 14848 389747.149314;
1189, 10 7040 389757.149314;
1190, 0 128 389757.149314;
1191, 80 3840 389837.149314;
1192, 10 11392 389847.149314;
1193, 10 19839 389857.149314;
1194, 0 26623 389857.149314;
1195, 20 32767 389877.149314;
1196, 390 32511 390267.149314;
1197, 10 25471 390277.149314;
1198, 0 16384 390277.149314;
1199, 10 7040 390287.149314;
1200, 0 128 390287.149314;
1201, 90 512 390377.149314;
1202, 10 6272 390387.149314;
1203, 0 13696 390387.149314;
1204, 10 21375 390397.149314;
1205, 10 27775 390407.149314;
1206, 0 32767 390407.149314;
1207, 340 31743 390747.149314;
1208, 10 27903 390757.149314;
1209, 10 25599 390767.149314;
1210, 0 22655 390767.149314;
1211, 0 20351 390767.149314;
1212, 10 17791 390777.149314;
1213, 0 16128 390777.149314;
1214, 10 15360 390787.149314;
1215, 35 15232 390827.36631;
1216, 0 15360 390827.36631;
1217, 10 15232 390832.36631;
1218, 0 15872 390832.36631;
1219, 10 19455 390842.36631;
1220, 0 23807 390842.36631;
1221, 0 28031 390842.36631;
1222, 0 32767 390842.36631;
1223, 294 27775 391142.319433;
1224, 10 22271 391172.335795;
1225, 0 21375 391172.335795;
1226, 0 21503 391172.335795;
1227, 0 22015 391172.335795;
1228, 10 24703 391172.335795;
1229, 0 29183 391172.335795;
1230, 0 32767 391172.335795;
1231, 10629 27647 401792.013293;
1232, 0 21375 401792.013293;
1233, 0 14848 401792.013293;
1234, 0 8448 401792.013293;
1235, 0 2560 401792.013293;
1236, 0 128 401792.013293;
1237, 127 3584 401919.056098;
1238, 0 9984 401919.056098;
1239, 0 16767 401919.056098;
1240, 0 23295 401919.056098;
1241, 0 28287 401919.056098;
1242, 0 32767 401919.056098;
1243, 422 30975 402363.011903;
1244, 0 23679 402363.011903;
1245, 10 14976 402363.011903;
1246, 0 6912 402363.011903;
1247, 0 1280 402363.011903;
1248, 10 128 402363.011903;
1249, 109 384 402466.028498;
1250, 20 5248 402486.028498;
1251, 0 11648 402486.028498;
1252, 10 18943 402496.028498;
1253, 0 24575 402496.028498;
1254, 10 30335 402506.028498;
1255, 10 32767 402516.028498;
1256, 367 32127 402884.007203;
1257, 0 26751 402884.007203;
1258, 10 21375 402894.007203;
1259, 0 15232 402894.007203;
1260, 10 9344 402904.007203;
1261, 0 3456 402904.007203;
1262, 10 128 402914.007203;
1263, 90 768 403004.007203;
1264, 0 4992 403004.007203;
1265, 10 11136 403014.007203;
1266, 10 17535 403024.007203;
1267, 10 23807 403034.007203;
1268, 0 29439 403034.007203;
1269, 10 32767 403044.007203;
1270, 1712 37631 404756.180501;
1271, 0 42879 404756.180501;
1272, 10 50432 404766.180501;
1273, 0 56320 404766.180501;
1274, 10 60800 404776.180501;
1275, 0 62080 404776.180501;
1276, 0 63616 404776.180501;
1277, 10 65280 404786.180501;
1278, 0 65408 404786.180501;
1279, 1456 65024 406243.180294;
1280, 10 61696 406253.180294;
1281, 10 57088 406263.180294;
1282, 0 52608 406263.180294;
1283, 10 47487 406273.180294;
1284, 10 43391 406283.180294;
1285, 10 39167 406293.180294;
1286, 0 35711 406293.180294;
1287, 0 34303 406293.180294;
1288, 10 33791 406303.180294;
1289, 0 32767 406303.180294;
1290, 60 33151 406363.180294;
1291, 10 35327 406373.180294;
1292, 10 39295 406383.180294;
1293, 0 44543 406383.180294;
1294, 10 51072 406393.180294;
1295, 10 56704 406403.180294;
1296, 0 62208 406403.180294;
1297, 10 65408 406413.180294;
1298, 711 61312 407124.272543;
1299, 10 56192 407134.272543;
1300, 0 50688 407134.272543;
1301, 10 45567 407144.272543;
1302, 0 40319 407144.272543;
1303, 43 35711 407154.272543;
1304, 0 33023 407154.272543;
1305, 0 32767 407154.272543;
1306, 61 35711 407249.295725;
1307, 0 40575 407249.295725;
1308, 10 46975 407259.295725;
1309, 0 53248 407259.295725;
1310, 20 58368 407279.295725;
1311, 0 63232 407279.295725;
1312, 0 65408 407279.295725;
1313, 1250 64128 408529.295725;
1314, 10 61056 408539.295725;
1315, 0 58496 408539.295725;
1316, 10 55552 408549.295725;
1317, 0 52864 408549.295725;
1318, 10 48383 408559.295725;
1319, 0 44287 408559.295725;
1320, 0 40191 408559.295725;
1321, 10 36991 408569.295725;
1322, 0 35455 408569.295725;
1323, 0 34687 408569.295725;
1324, 0 34175 408569.295725;
1325, 95 33791 408579.295725;
1326, 0 32767 408579.295725;
1327, 68 34559 408738.354159;
1328, 10 37887 408743.354159;
1329, 0 42239 408743.354159;
1330, 0 47359 408743.354159;
1331, 20 52864 408763.354159;
1332, 0 56960 408763.354159;
1333, 0 60800 408763.354159;
1334, 10 64640 408773.354159;
1335, 0 65408 408773.354159;
1336, 760 63232 409533.354159;
1337, 0 53760 409533.354159;
1338, 10 41471 409543.354159;
1339, 0 32767 409543.354159;
1340, 120 34303 409663.354159;
1341, 0 40319 409663.354159;
1342, 10 48255 409673.354159;
1343, 0 55808 409673.354159;
1344, 10 61824 409683.354159;
1345, 0 65408 409683.354159;
1346, 560 59008 410243.354159;
1347, 10 49152 410253.354159;
1348, 10 38655 410263.354159;
1349, 0 32767 410263.354159;
1350, 110 34047 410373.354159;
1351, 10 39167 410383.354159;
1352, 0 45567 410383.354159;
1353, 10 52608 410393.354159;
1354, 0 57984 410393.354159;
1355, 10 63104 410403.354159;
1356, 10 65408 410413.354159;
1357, 823 65280 411236.496597;
1358, 10 62848 411246.496597;
1359, 0 60032 411246.496597;
1360, 10 56064 411256.496597;
1361, 0 51584 411256.496597;
1362, 10 45695 411266.496597;
1363, 20 40063 411286.496597;
1364, 0 33919 411286.496597;
1365, 10 32767 411296.496597;
1366, 83468 23807 494765.285698;
1367, 0 9472 494765.285698;
1368, 10 128 494775.285698;
1369, 100 2176 494875.285698;
1370, 10 8064 494885.285698;
1371, 10 15488 494895.285698;
1372, 0 23295 494895.285698;
1373, 10 30719 494905.285698;
1374, 0 32767 494905.285698;
1375, 15059 27391 509965.281473;
1376, 10 22399 509975.281473;
1377, 0 17407 509975.281473;
1378, 10 11776 509985.281473;
1379, 0 6144 509985.281473;
1380, 0 2176 509985.281473;
1381, 10 128 509995.281473;
1382, 90 3072 510085.281473;
1383, 0 6912 510085.281473;
1384, 10 11904 510095.281473;
1385, 10 16767 510105.281473;
1386, 0 21759 510105.281473;
1387, 10 26495 510115.281473;
1388, 10 31231 510125.281473;
1389, 10 32767 510135.281473;
1390, 3057 30975 513192.464927;
1391, 10 21119 513202.464927;
1392, 0 9728 513202.464927;
1393, 10 4096 513212.464927;
1394, 0 2560 513212.464927;
1395, 10 1280 513222.464927;
1396, 0 128 513222.464927;
1397, 50 2304 513272.464927;
1398, 10 7168 513282.464927;
1399, 0 14464 513282.464927;
1400, 10 22911 513319.462968;
1401, 0 30975 513319.462968;
1402, 10 32767 513319.462968;
1403, 350 31743 513654.462968;
1404, 0 27263 513654.462968;
1405, 10 22655 513664.462968;
1406, 10 16639 513674.462968;
1407, 0 9216 513674.462968;
1408, 10 1664 513684.462968;
1409, 0 128 513684.462968;
1410, 91 5376 513773.466273;
1411, 10 12928 513783.466273;
1412, 0 21119 513783.466273;
1413, 0 27647 513783.466273;
1414, 10 32767 513793.466273;
1415, 422 31615 514215.512456;
1416, 10 28159 514225.512456;
1417, 0 25599 514225.512456;
1418, 0 22271 514225.512456;
1419, 10 19583 514235.512456;
1420, 10 15872 514245.512456;
1421, 0 12288 514245.512456;
1422, 10 2048 514281.517806;
1423, 0 128 514281.517806;
1424, 60 1408 514316.517806;
1425, 0 5248 514316.517806;
1426, 10 10752 514326.517806;
1427, 0 16895 514326.517806;
1428, 10 22911 514336.517806;
1429, 20 28159 514356.517806;
1430, 0 32767 514356.517806;
1431, 480 25471 514836.517806;
1432, 10 16128 514846.517806;
1433, 0 7168 514846.517806;
1434, 10 2048 514856.517806;
1435, 0 128 514856.517806;
1436, 100 1792 514956.517806;
1437, 10 7168 514966.517806;
1438, 10 14080 514976.517806;
1439, 0 21119 514976.517806;
1440, 10 26623 515011.569277;
1441, 0 31999 515011.569277;
1442, 0 32767 515011.569277;
1443, 3461 27007 518451.746297;
1444, 0 19839 518451.746297;
1445, 0 11904 518451.746297;
1446, 0 6016 518451.746297;
1447, 0 2816 518451.746297;
1448, 0 1408 518451.746297;
1449, 0 128 518451.746297;
1450, 0 1664 518451.746297;
1451, 192 5632 518644.122383;
1452, 0 11520 518644.122383;
1453, 0 17663 518644.122383;
1454, 0 23807 518644.122383;
1455, 0 29567 518644.122383;
1456, 0 32767 518644.122383;
1457, 3046 33407 521690.959565;
1458, 0 38015 521690.959565;
1459, 0 43263 521690.959565;
1460, 0 51840 521690.959565;
1461, 10 57984 521721.979042;
1462, 0 61184 521721.979042;
1463, 0 63232 521721.979042;
1464, 0 65408 521721.979042;
1465, 1197 65280 522897.984192;
1466, 49 64512 522947.971311;
1467, 0 63360 522947.971311;
1468, 0 62592 522947.971311;
1469, 0 61056 522947.971311;
1470, 0 59008 522947.971311;
1471, 0 55552 522947.971311;
1472, 0 51968 522947.971311;
1473, 95 46335 523042.988482;
1474, 0 41215 523042.988482;
1475, 0 35711 523042.988482;
1476, 0 32767 523042.988482;
1477, 652 35711 523690.084425;
1478, 10 40959 523700.084425;
1479, 0 45823 523700.084425;
1480, 10 52992 523710.084425;
1481, 0 58496 523710.084425;
1482, 10 61056 523720.084425;
1483, 10 62464 523730.084425;
1484, 10 64000 523740.084425;
1485, 0 65280 523740.084425;
1486, 0 65408 523740.084425;
1487, 1273 63488 525013.138322;
1488, 65 60032 525023.138322;
1489, 0 55680 525023.138322;
1490, 0 51712 525023.138322;
1491, 0 46207 525023.138322;
1492, 0 41087 525023.138322;
1493, 0 36223 525023.138322;
1494, 71 32767 525154.161908;
1495, 566 33535 525716.151099;
1496, 10 38783 525726.151099;
1497, 0 43263 525726.151099;
1498, 10 50304 525736.151099;
1499, 10 54784 525746.151099;
1500, 0 58368 525746.151099;
1501, 10 60544 525756.151099;
1502, 10 61696 525766.151099;
1503, 0 62720 525766.151099;
1504, 10 63488 525776.151099;
1505, 10 64128 525786.151099;
1506, 0 64640 525786.151099;
1507, 10 64768 525796.151099;
1508, 20 64640 525816.151099;
1509, 20 64384 525836.151099;
1510, 0 62592 525836.151099;
1511, 10 59392 525846.151099;
1512, 10 54656 525856.151099;
1513, 10 47999 525866.151099;
1514, 0 41343 525866.151099;
1515, 10 34175 525876.151099;
1516, 10 32767 525886.151099;
1517, 300 29951 526186.151099;
1518, 10 22399 526196.151099;
1519, 0 14720 526196.151099;
1520, 10 7296 526206.151099;
1521, 10 2560 526216.151099;
1522, 0 896 526216.151099;
1523, 10 128 526226.151099;
1524, 70 896 526296.151099;
1525, 10 4992 526306.151099;
1526, 10 11136 526316.151099;
1527, 0 17919 526316.151099;
1528, 0 24447 526316.151099;
1529, 10 30975 526326.151099;
1530, 0 32767 526326.151099;
1531, 16456 30079 542782.181797;
1532, 10 23295 542792.181797;
1533, 0 15872 542792.181797;
1534, 0 7680 542792.181797;
1535, 10 1536 542802.181797;
1536, 0 128 542802.181797;
1537, 97 2816 542899.207291;
1538, 10 8576 542909.207291;
1539, 0 15232 542909.207291;
1540, 10 22015 542919.207291;
1541, 0 27775 542919.207291;
1542, 10 32767 542929.207291;
