0, 0 128 73688.001301;
1, 180 0 73868.001301;
2, 6570 128 80438.001301;
3, 150 0 80588.001301;
4, 10420 128 91008.001301;
5, 140 0 91148.001301;
6, 3360 128 94508.001301;
7, 140 0 94648.001301;
8, 3310 128 97958.001301;
9, 170 0 98128.001301;
10, 3210 128 101338.001301;
11, 140 0 101478.001301;
12, 12670 128 114148.001301;
13, 190 0 114338.001301;
14, 110 128 114448.001301;
15, 140 0 114588.001301;
16, 60 128 114648.001301;
17, 130 0 114778.001301;
18, 70 128 114848.001301;
19, 100 0 114948.001301;
20, 100 128 115048.001301;
21, 90 0 115138.001301;
22, 3430 128 118568.001301;
23, 150 0 118718.001301;
24, 3140 128 121858.001301;
25, 130 0 121988.001301;
26, 1900 128 123888.001301;
27, 170 0 124058.001301;
28, 1190 128 125248.001301;
29, 150 0 125398.001301;
30, 2030 128 127428.001301;
31, 150 0 127578.001301;
32, 1230 128 128808.001301;
33, 160 0 128968.001301;
34, 510 128 129478.001301;
35, 130 0 129608.001301;
36, 9010 128 138618.001301;
37, 140 0 138758.001301;
38, 880 128 139638.001301;
39, 130 0 139768.001301;
40, 510 128 140278.001301;
41, 180 0 140458.001301;
42, 1460 128 141918.001301;
43, 180 0 142098.001301;
44, 4990 128 147088.001301;
45, 120 0 147208.001301;
46, 3070 128 150278.001301;
47, 140 0 150418.001301;
48, 21380 128 171798.001301;
49, 160 0 171958.001301;
50, 3650 128 175608.001301;
51, 140 0 175748.001301;
52, 1180 128 176928.001301;
53, 160 0 177088.001301;
54, 3340 128 180428.001301;
55, 150 0 180578.001301;
56, 3170 128 183748.001301;
57, 110 0 183858.001301;
58, 77150 128 261008.001301;
59, 60 0 261068.001301;
60, 1690 128 262758.001301;
61, 170 0 262928.001301;
62, 1040 128 263968.001301;
63, 100 0 264068.001301;
64, 4820 128 268888.001301;
65, 140 0 269028.001301;
66, 2370 128 271398.001301;
67, 80 0 271478.001301;
68, 1850 128 273328.001301;
69, 140 0 273468.001301;
70, 1590 128 275058.001301;
71, 200 0 275258.001301;
72, 660 128 275918.001301;
73, 140 0 276058.001301;
74, 20020 128 296078.001301;
75, 140 0 296218.001301;
76, 1880 128 298098.001301;
77, 170 0 298268.001301;
78, 2630 128 300898.001301;
79, 170 0 301068.001301;
80, 3830 128 304898.001301;
81, 150 0 305048.001301;
82, 1570 128 306618.001301;
83, 150 0 306768.001301;
84, 1070 128 307838.001301;
85, 150 0 307988.001301;
86, 1610 128 309598.001301;
87, 190 0 309788.001301;
88, 620 128 310408.001301;
89, 170 0 310578.001301;
90, 1300 128 311878.001301;
91, 150 0 312028.001301;
92, 3550 128 315578.001301;
93, 110 0 315688.001301;
94, 4170 128 319858.001301;
95, 160 0 320018.001301;
96, 1820 128 321838.001301;
97, 130 0 321968.001301;
98, 2380 128 324348.001301;
99, 160 0 324508.001301;
100, 1310 128 325818.001301;
101, 90 0 325908.001301;
102, 2110 128 328018.001301;
103, 160 0 328178.001301;
104, 2220 128 330398.001301;
105, 140 0 330538.001301;
106, 1060 128 331598.001301;
107, 140 0 331738.001301;
108, 27300 128 359038.001301;
109, 150 0 359188.001301;
110, 2220 128 361408.001301;
111, 160 0 361568.001301;
112, 6330 128 367898.001301;
113, 100 0 367998.001301;
114, 1320 128 369318.001301;
115, 140 0 369458.001301;
116, 960 128 370418.001301;
117, 140 0 370558.001301;
118, 710 128 371268.001301;
119, 140 0 371408.001301;
120, 7140 128 378548.001301;
121, 140 0 378688.001301;
122, 1750 128 380438.001301;
123, 190 0 380628.001301;
124, 2790 128 383418.001301;
125, 160 0 383578.001301;
126, 12820 128 396398.001301;
127, 140 0 396538.001301;
128, 4510 128 401048.001301;
129, 150 0 401198.001301;
130, 3690 128 404888.001301;
131, 170 0 405058.001301;
132, 6770 128 411828.001301;
133, 170 0 411998.001301;
134, 100 128 412098.001301;
135, 100 0 412198.001301;
136, 100 128 412298.001301;
137, 70 0 412368.001301;
138, 1660 128 414028.001301;
139, 120 0 414148.001301;
140, 50 128 414198.001301;
141, 120 0 414318.001301;
142, 190 128 414508.001301;
143, 110 0 414618.001301;
144, 110 128 414728.001301;
145, 110 0 414838.001301;
146, 2900 128 417738.001301;
147, 50 0 417788.001301;
148, 90 128 417878.001301;
149, 120 0 417998.001301;
150, 5700 128 423698.001301;
151, 100 0 423798.001301;
152, 70 128 423868.001301;
153, 100 0 423968.001301;
154, 80 128 424048.001301;
155, 90 0 424138.001301;
156, 70 128 424208.001301;
157, 100 0 424308.001301;
158, 80 128 424388.001301;
159, 90 0 424478.001301;
160, 80 128 424558.001301;
161, 90 0 424648.001301;
162, 90 128 424738.001301;
163, 90 0 424828.001301;
164, 80 128 424908.001301;
165, 100 0 425008.001301;
166, 100 128 425108.001301;
167, 120 0 425228.001301;
168, 70 128 425298.001301;
169, 110 0 425408.001301;
170, 70 128 425478.001301;
171, 120 0 425598.001301;
172, 110 128 425708.001301;
173, 100 0 425808.001301;
174, 3550 128 429358.001301;
175, 140 0 429498.001301;
176, 230 128 429728.001301;
177, 80 0 429808.001301;
178, 80 128 429888.001301;
179, 90 0 429978.001301;
180, 70 128 430048.001301;
181, 100 0 430148.001301;
182, 30 128 430178.001301;
183, 120 0 430298.001301;
184, 2580 128 432878.001301;
185, 110 0 432988.001301;
186, 60 128 433048.001301;
187, 110 0 433158.001301;
188, 70 128 433228.001301;
189, 100 0 433328.001301;
190, 60 128 433388.001301;
191, 110 0 433498.001301;
192, 80 128 433578.001301;
193, 100 0 433678.001301;
194, 70 128 433748.001301;
195, 90 0 433838.001301;
196, 90 128 433928.001301;
197, 100 0 434028.001301;
198, 70 128 434098.001301;
199, 110 0 434208.001301;
200, 70 128 434278.001301;
201, 110 0 434388.001301;
202, 3500 128 437888.001301;
203, 170 0 438058.001301;
204, 2550 128 440608.001301;
205, 170 0 440778.001301;
206, 6030 128 446808.001301;
207, 160 0 446968.001301;
208, 2900 128 449868.001301;
209, 110 0 449978.001301;
210, 70 128 450048.001301;
211, 110 0 450158.001301;
212, 60 128 450218.001301;
213, 100 0 450318.001301;
214, 70 128 450388.001301;
215, 100 0 450488.001301;
216, 80 128 450568.001301;
217, 80 0 450648.001301;
218, 100 128 450748.001301;
219, 70 0 450818.001301;
220, 100 128 450918.001301;
221, 80 0 450998.001301;
222, 25330 128 476328.001301;
223, 130 0 476458.001301;
224, 7840 128 484298.001301;
225, 170 0 484468.001301;
226, 12790 128 497258.001301;
227, 130 0 497388.001301;
228, 31070 128 528458.001301;
229, 110 0 528568.001301;
230, 14295 128 542863.056406;
231, 40 0 542903.056406;
232, 20 128 542923.056406;
233, 260 0 543183.056406;
234, 7000 128 550183.056406;
235, 220 0 550403.056406;
236, 37090 128 587493.056406;
237, 190 0 587683.056406;
238, 6140 128 593825.887488;
239, 200 0 594025.887488;
240, 5264 128 599287.273236;
241, 160 0 599447.273236;
242, 4429 128 603876.524725;
243, 120 0 603996.524725;
244, 5090 128 609086.524725;
245, 190 0 609276.524725;
246, 15640 128 624916.524725;
247, 180 0 625096.524725;
248, 5957 128 631054.195619;
249, 170 0 631224.195619;
250, 15218 128 646442.90821;
251, 160 0 646602.90821;
252, 11833 128 658436.655449;
253, 240 0 658676.655449;
254, 28808 128 687485.378604;
255, 140 0 687625.378604;
256, 26658 128 714283.872984;
257, 100 0 714383.872984;
258, 13506 128 727892.219465;
259, 220 0 728112.219465;
260, 9371 128 737482.331369;
261, 310 0 737792.331369;
262, 3691 128 741483.614898;
263, 180 0 741663.614898;
264, 15032 128 756696.362916;
265, 170 0 756866.362916;
266, 30633 128 787500.100367;
267, 200 0 787700.100367;
268, 25903 128 813603.803495;
269, 140 0 813743.803495;
270, 14658 128 828402.639569;
271, 70 0 828472.639569;
272, 3868 128 832341.883219;
273, 90 0 832431.883219;
274, 120 128 832551.883219;
275, 130 0 832681.883219;
276, 3444 128 836125.102778;
277, 110 0 836235.102778;
278, 3472 128 839712.297178;
279, 140 0 839848.316644;
280, 150 128 839998.316644;
281, 108 0 840105.319584;
282, 12805 128 852911.094637;
283, 90 0 853001.094637;
284, 3423 128 856429.291523;
285, 30 0 856454.291523;
286, 16523 128 872978.244116;
287, 110 0 873088.244116;
288, 100 128 873188.244116;
289, 80 0 873268.244116;
290, 4892 128 878165.51188;
291, 0 0 878165.51188;
292, 631 128 878796.590849;
293, 0 0 878796.590849;
294, 6722 128 885518.972384;
295, 0 0 885518.972384;
296, 0 128 885518.972384;
297, 0 0 885518.972384;
298, 7796 128 893315.413525;
299, 0 0 893315.413525;
300, 0 128 893315.413525;
301, 1002 0 894317.491191;
302, 0 128 894317.491191;
303, 0 0 894317.491191;
304, 0 128 894317.491191;
305, 0 0 894317.491191;
306, 0 128 894317.491191;
307, 0 0 894317.491191;
308, 0 128 894317.491191;
309, 0 0 894317.491191;
310, 0 128 894317.491191;
311, 0 0 894317.491191;
312, 0 128 894317.491191;
313, 0 0 894317.491191;
314, 302 128 894619.610388;
315, 0 0 894619.610388;
316, 0 128 894619.610388;
317, 0 0 894619.610388;
318, 11780 128 906400.177597;
319, 42 0 906442.183085;
320, 44 128 906486.196704;
321, 82 0 906563.227281;
322, 53 128 906622.212791;
323, 182 0 906805.19105;
324, 52 128 906857.223139;
325, 101 0 906958.469093;
326, 881 128 907840.238559;
327, 0 0 907840.238559;
328, 188 128 908028.287115;
329, 0 0 908028.287115;
330, 0 128 908028.287115;
331, 236 0 908264.315398;
332, 2117 128 910376.382784;
333, 110 0 910486.382784;
334, 242 128 910728.400545;
335, 152 0 910880.455895;
336, 1238 128 912118.499165;
337, 119 0 912237.527252;
338, 15374 128 927617.383014;
339, 0 0 927617.383014;
340, 0 128 927617.383014;
341, 0 0 927617.383014;
342, 450 128 928067.400664;
343, 0 0 928067.400664;
344, 0 128 928067.400664;
345, 0 0 928067.400664;
346, 0 128 928067.400664;
347, 0 0 928067.400664;
348, 0 128 928067.400664;
349, 0 0 928067.400664;
350, 231 128 928298.436545;
351, 0 0 928298.436545;
352, 0 128 928298.436545;
353, 0 0 928298.436545;
354, 105 128 928416.441377;
355, 49 0 928453.445343;
356, 60 128 928508.445343;
357, 60 0 928568.445343;
358, 60 128 928628.445343;
359, 60 0 928688.445343;
360, 60 128 928748.445343;
361, 30 0 928778.445343;
362, 1308 128 930091.551064;
363, 219 0 930310.560951;
364, 172 128 930483.559725;
365, 0 0 930483.559725;
366, 40 128 930518.559725;
367, 50 0 930568.559725;
368, 50 128 930618.559725;
369, 70 0 930688.559725;
370, 50 128 930738.559725;
371, 70 0 930808.559725;
372, 40 128 930848.559725;
373, 60 0 930908.559725;
374, 60 128 930968.559725;
375, 60 0 931028.559725;
376, 10 128 931038.559725;
377, 70 0 931108.559725;
378, 180 128 931288.559725;
379, 50 0 931338.559725;
380, 50 128 931388.559725;
381, 60 0 931448.559725;
382, 60 128 931508.559725;
383, 40 0 931548.559725;
384, 13345 128 944909.404176;
385, 167 0 945067.394964;
386, 2155 128 947217.469064;
387, 130 0 947347.469064;
388, 4946 128 952238.816815;
389, 30 0 952323.863629;
390, 202 128 952526.835034;
391, 170 0 952696.835034;
392, 50 128 952746.835034;
393, 40 0 952786.835034;
394, 50 128 952836.835034;
395, 60 0 952896.835034;
396, 50 128 952946.835034;
397, 50 0 952996.835034;
398, 60 128 953056.835034;
399, 50 0 953106.835034;
400, 50 128 953156.835034;
401, 50 0 953206.835034;
402, 30 128 953236.835034;
403, 60 0 953296.835034;
404, 70 128 953366.835034;
405, 40 0 953406.835034;
406, 50 128 953456.835034;
407, 40 0 953496.835034;
408, 80 128 953576.835034;
409, 30 0 953606.835034;
410, 10633 128 964240.394462;
411, 120 0 964360.394462;
412, 1010 128 965370.394462;
413, 150 0 965520.394462;
414, 450 128 965970.394462;
415, 170 0 966140.394462;
416, 300 128 966440.394462;
417, 120 0 966560.394462;
418, 360 128 966920.394462;
419, 120 0 967040.394462;
420, 430 128 967470.394462;
421, 140 0 967610.394462;
422, 460 128 968070.394462;
423, 110 0 968180.394462;
424, 5080 128 973260.394462;
425, 80 0 973340.394462;
426, 4390 128 977730.394462;
427, 110 0 977840.394462;
428, 4507 128 982352.578597;
429, 130 0 982482.602205;
430, 510 128 982987.602205;
431, 120 0 983107.602205;
432, 70 128 983177.602205;
433, 310 0 983487.602205;
434, 10 128 983497.602205;
435, 140 0 983637.602205;
436, 30 128 983667.602205;
437, 520 0 984187.602205;
438, 90 128 984277.602205;
439, 90 0 984367.602205;
440, 80 128 984447.602205;
441, 80 0 984527.602205;
442, 80 128 984607.602205;
443, 400 0 985007.602205;
444, 70 128 985077.602205;
445, 90 0 985167.602205;
446, 110 128 985277.602205;
447, 50 0 985327.602205;
448, 10 128 985337.602205;
449, 150 0 985487.602205;
450, 70 128 985557.602205;
451, 120 0 985677.602205;
452, 1941 128 987623.862233;
453, 20 0 987655.886335;
454, 395 128 988038.891268;
455, 62 0 988100.93514;
456, 145 128 988246.913613;
457, 71 0 988318.903153;
458, 14280 128 1002594.830572;
459, 140 0 1002734.830572;
460, 1160 128 1003894.830572;
461, 140 0 1004034.830572;
462, 570 128 1004604.830572;
463, 130 0 1004734.830572;
464, 360 128 1005094.830572;
465, 160 0 1005254.830572;
466, 260 128 1005514.830572;
467, 140 0 1005654.830572;
468, 390 128 1006044.830572;
469, 120 0 1006164.830572;
470, 360 128 1006524.830572;
471, 140 0 1006664.830572;
472, 290 128 1006954.830572;
473, 140 0 1007094.830572;
474, 290 128 1007384.830572;
475, 140 0 1007524.830572;
476, 10146 128 1017671.445572;
477, 140 0 1017811.445572;
478, 16454 128 1034270.574995;
479, 0 0 1034270.574995;
480, 13795 128 1048066.354231;
481, 158 0 1048225.353836;
482, 445 128 1048670.41784;
483, 197 0 1048867.435545;
484, 7768 128 1056635.831232;
485, 0 0 1056635.831232;
486, 356 128 1056991.848922;
487, 0 0 1056991.848922;
488, 0 128 1056991.848922;
489, 50 0 1057041.86072;
490, 0 128 1057041.86072;
491, 70 0 1057106.86072;
492, 10523 128 1067630.52459;
493, 120 0 1067750.52459;
494, 9702 128 1077458.053218;
495, 0 0 1077458.053218;
496, 0 128 1077458.053218;
497, 0 0 1077458.053218;
498, 0 128 1077458.053218;
499, 0 0 1077458.053218;
500, 1200 128 1078658.136887;
501, 0 0 1078658.136887;
502, 0 128 1078658.136887;
503, 0 0 1078658.136887;
504, 0 128 1078658.136887;
505, 0 0 1078658.136887;
506, 0 128 1078658.136887;
507, 0 0 1078658.136887;
508, 23716 128 1102374.516443;
509, 0 0 1102374.516443;
510, 0 128 1102374.516443;
511, 0 0 1102374.516443;
512, 0 128 1102374.516443;
513, 0 0 1102374.516443;
514, 0 128 1102374.516443;
515, 0 0 1102374.516443;
516, 30049 128 1132419.236262;
517, 130 0 1132549.236262;
518, 120 128 1132669.236262;
519, 100 0 1132769.236262;
520, 80 128 1132849.236262;
521, 130 0 1132979.236262;
522, 620 128 1133599.236262;
523, 160 0 1133759.236262;
524, 130 128 1133889.236262;
525, 170 0 1134059.236262;
526, 110 128 1134169.236262;
527, 170 0 1134339.236262;
528, 120 128 1134459.236262;
529, 150 0 1134609.236262;
530, 580 128 1135189.236262;
531, 430 0 1135619.236262;
532, 100 128 1135719.236262;
533, 130 0 1135849.236262;
534, 90 128 1135939.236262;
535, 120 0 1136059.236262;
536, 60 128 1136119.236262;
537, 130 0 1136249.236262;
538, 1440 128 1137689.236262;
539, 110 0 1137799.236262;
540, 1250 128 1139049.236262;
541, 160 0 1139209.236262;
542, 4090 128 1143299.236262;
543, 120 0 1143419.236262;
544, 3315 128 1146740.088054;
545, 96 0 1146832.079104;
546, 2830 128 1149662.079104;
547, 150 0 1149812.079104;
548, 2820 128 1152632.079104;
549, 140 0 1152772.079104;
550, 1000 128 1153772.079104;
551, 110 0 1153882.079104;
552, 1150 128 1155032.079104;
553, 80 0 1155112.079104;
554, 270 128 1155382.079104;
555, 120 0 1155502.079104;
556, 210 128 1155712.079104;
557, 140 0 1155852.079104;
558, 1395 128 1157247.622351;
559, 110 0 1157357.622351;
560, 5892 128 1163249.862997;
561, 150 0 1163399.862997;
562, 220 128 1163619.862997;
563, 130 0 1163749.862997;
564, 190 128 1163939.862997;
565, 140 0 1164079.862997;
566, 260 128 1164339.862997;
567, 150 0 1164489.862997;
568, 270 128 1164759.862997;
569, 160 0 1164919.862997;
570, 1120 128 1166039.862997;
571, 190 0 1166229.862997;
572, 9898 128 1176128.826162;
573, 120 0 1176248.826162;
574, 424 128 1176673.780051;
575, 130 0 1176803.780051;
576, 180 128 1176983.780051;
577, 110 0 1177093.780051;
578, 140 128 1177233.780051;
579, 130 0 1177363.780051;
580, 250 128 1177613.780051;
581, 130 0 1177743.780051;
582, 160 128 1177903.780051;
583, 110 0 1178013.780051;
584, 110 128 1178123.780051;
585, 100 0 1178223.780051;
586, 180 128 1178403.780051;
587, 120 0 1178523.780051;
588, 9966 128 1188490.413571;
589, 170 0 1188660.413571;
590, 690 128 1189350.413571;
591, 150 0 1189500.413571;
592, 720 128 1190220.413571;
593, 140 0 1190360.413571;
594, 260 128 1190620.413571;
595, 100 0 1190720.413571;
596, 650 128 1191370.413571;
597, 140 0 1191510.413571;
598, 3183 128 1194693.706345;
599, 120 0 1194813.706345;
600, 4947 128 1199790.107831;
601, 201 0 1199967.124009;
602, 110 128 1200072.124009;
603, 171 0 1200248.14433;
604, 60 128 1200308.158032;
605, 153 0 1200457.149613;
606, 160 128 1200617.149613;
607, 70 0 1200687.149613;
608, 100 128 1200787.149613;
609, 50 0 1200837.149613;
610, 6721 128 1207563.596232;
611, 0 0 1207563.596232;
612, 1411 128 1208974.656119;
613, 0 0 1208974.656119;
614, 272 128 1209246.670053;
615, 0 0 1209246.670053;
616, 158 128 1209404.6844;
617, 0 0 1209404.6844;
618, 157 128 1209561.700571;
619, 0 0 1209561.700571;
620, 0 128 1209561.700571;
621, 72 0 1209633.725828;
622, 0 128 1209633.725828;
623, 30 0 1209658.725828;
624, 30 128 1209688.725828;
625, 30 0 1209718.725828;
626, 2062 128 1211785.82179;
627, 0 0 1211785.82179;
628, 2426 128 1214211.955396;
629, 140 0 1214351.955449;
630, 140 128 1214491.962722;
631, 0 0 1214491.962722;
632, 244 128 1214735.980597;
633, 0 0 1214735.980597;
634, 1710 128 1216441.082231;
635, 130 0 1216571.082231;
636, 4950 128 1221526.402662;
637, 258 0 1221784.412487;
638, 0 128 1221784.412487;
639, 0 0 1221784.412487;
640, 296 128 1222080.427115;
641, 0 0 1222080.427115;
642, 0 128 1222080.427115;
643, 0 0 1222080.427115;
644, 243 128 1222323.449853;
645, 0 0 1222323.449853;
646, 1970 128 1224288.510853;
647, 120 0 1224408.510853;
648, 2791 128 1227204.729541;
649, 0 0 1227204.729541;
650, 0 128 1227204.729541;
651, 430 0 1227634.739203;
652, 0 128 1227634.739203;
653, 0 0 1227634.739203;
654, 816 128 1228445.79693;
655, 130 0 1228575.79693;
656, 2475 128 1231055.954121;
657, 159 0 1231214.967024;
658, 219 128 1231434.027067;
659, 178 0 1231612.983742;
660, 1089 128 1232702.074893;
661, 0 0 1232702.074893;
662, 13227 128 1245929.988574;
663, 0 0 1245929.988574;
664, 0 128 1245929.988574;
665, 876 0 1246806.821494;
666, 0 128 1246806.821494;
667, 0 0 1246806.821494;
668, 0 128 1246806.821494;
669, 0 0 1246806.821494;
670, 1000 128 1247806.911166;
671, 0 0 1247806.911166;
672, 11425 128 1259232.585771;
673, 1474 0 1260706.65047;
674, 0 128 1260706.65047;
675, 0 0 1260706.65047;
676, 0 128 1260706.65047;
677, 0 0 1260706.65047;
678, 9175 128 1269882.178312;
679, 0 0 1269882.178312;
680, 255 128 1270137.306078;
681, 0 0 1270137.306078;
682, 0 128 1270137.306078;
683, 0 0 1270137.306078;
684, 193 128 1270331.212984;
685, 0 0 1270331.212984;
686, 223 128 1270555.197034;
687, 0 0 1270555.197034;
688, 6654 128 1277209.603393;
689, 0 0 1277209.603393;
690, 0 128 1277209.603393;
691, 0 0 1277209.603393;
692, 0 128 1277209.603393;
693, 0 0 1277209.603393;
694, 698 128 1277907.670381;
695, 0 0 1277907.670381;
696, 0 128 1277907.670381;
697, 0 0 1277907.670381;
698, 0 128 1277907.670381;
699, 0 0 1277907.670381;
700, 1180 128 1279087.722125;
701, 0 0 1279087.722125;
702, 0 128 1279087.722125;
703, 0 0 1279087.722125;
704, 1498 128 1280585.804615;
705, 0 0 1280585.804615;
706, 0 128 1280585.804615;
707, 0 0 1280585.804615;
708, 0 128 1280585.804615;
709, 0 0 1280585.804615;
710, 6704 128 1287285.202949;
711, 130 0 1287415.202949;
712, 13515 128 1300935.990552;
713, 0 0 1300935.990552;
714, 17818 128 1318754.029088;
715, 0 0 1318754.029088;
716, 7723 128 1326477.465794;
717, 0 0 1326477.465794;
718, 4831 128 1331308.718865;
719, 0 0 1331308.718865;
720, 0 128 1331308.718865;
721, 0 0 1331308.718865;
722, 0 128 1331308.718865;
723, 0 0 1331308.718865;
724, 0 128 1331308.718865;
725, 0 0 1331308.718865;
726, 0 128 1331308.718865;
727, 0 0 1331308.718865;
728, 0 128 1331308.718865;
729, 0 0 1331308.718865;
730, 0 128 1331308.718865;
731, 0 0 1331308.718865;
732, 1247 128 1332555.833861;
733, 0 0 1332555.833861;
734, 1786 128 1334341.896931;
735, 1896 0 1336238.047814;
736, 0 128 1336238.047814;
737, 0 0 1336238.047814;
738, 6804 0 1343042.441691;
739, 0 128 1343042.441691;
740, 0 0 1343042.441691;
741, 0 128 1343042.441691;
742, 0 0 1343042.441691;
743, 0 128 1343042.441691;
744, 0 0 1343042.441691;
745, 0 128 1343042.441691;
746, 0 0 1343042.441691;
747, 0 128 1343042.441691;
748, 0 0 1343042.441691;
749, 69279 128 1412317.125535;
750, 130 0 1412447.125535;
751, 380 128 1412827.125535;
752, 130 0 1412957.125535;
753, 330 128 1413287.125535;
754, 110 0 1413397.125535;
755, 2950 128 1416347.125535;
756, 60 0 1416407.125535;
757, 176080 128 1592487.125535;
758, 110 0 1592597.125535;
759, 445690 128 2038292.547037;
760, 292 0 2038584.576938;
761, 3235 128 2041819.794369;
762, 53 0 2041873.771515;
763, 3007 128 2044880.952155;
764, 0 0 2044880.952155;
765, 13337 128 2058213.708522;
766, 120 0 2058333.767098;
767, 13369 128 2071708.496356;
768, 0 0 2071708.496356;
769, 2471 128 2074179.638339;
770, 0 0 2074179.638339;
771, 23305 128 2097479.957016;
772, 425 0 2097910.018584;
773, 1571 128 2099476.10043;
774, 160 0 2099636.10043;
775, 1420 128 2101056.10043;
776, 562 0 2101618.242364;
777, 60 128 2101678.242364;
778, 350 0 2102028.242364;
779, 16880 128 2118911.763172;
780, 170 0 2119081.763172;
781, 42805 128 2161884.555825;
782, 180 0 2162064.555825;
783, 230 128 2162294.555825;
784, 140 0 2162434.555825;
785, 52718 128 2215157.940633;
786, 568 0 2215726.866299;
787, 21425 128 2237152.045426;
788, 0 0 2237152.045426;
789, 0 128 2237152.045426;
790, 0 0 2237152.045426;
791, 0 128 2237152.045426;
792, 0 0 2237152.045426;
793, 2882 128 2240034.20778;
794, 0 0 2240034.20778;
795, 0 128 2240034.20778;
796, 0 0 2240034.20778;
797, 19296 128 2259330.343997;
798, 0 0 2259330.343997;
799, 0 128 2259330.343997;
800, 1857 0 2261187.428827;
801, 0 128 2261187.428827;
802, 0 0 2261187.428827;
803, 5055 128 2266242.730543;
804, 80 0 2266317.730543;
805, 9142 128 2275465.252856;
806, 1180 0 2276645.346016;
807, 3453 128 2280098.550079;
808, 0 0 2280098.550079;
809, 1512 128 2281610.607421;
810, 0 0 2281610.607421;
811, 2585 128 2284195.756211;
812, 0 0 2284195.756211;
813, 0 128 2284195.756211;
814, 0 0 2284195.756211;
815, 1650 128 2285845.888307;
816, 0 0 2285845.888307;
817, 1552 128 2287397.941864;
818, 0 0 2287397.941864;
819, 2810 128 2290208.231328;
820, 2809 128 2293017.274116;
821, 0 0 2293017.274116;
822, 3122 128 2296139.44568;
823, 0 0 2296139.44568;
824, 2862 128 2299001.629304;
825, 0 0 2299001.629304;
826, 0 128 2299001.629304;
827, 0 0 2299001.629304;
828, 0 128 2299001.629304;
829, 0 0 2299001.629304;
830, 17786 0 2316787.645257;
831, 5932 128 2322720.03713;
832, 49 0 2322769.710377;
833, 5879 128 2328649.3619;
834, 0 0 2328649.3619;
835, 2890 128 2331539.527525;
836, 0 0 2331539.527525;
837, 18294 128 2349833.573537;
838, 0 0 2349833.573537;
839, 0 128 2349833.573537;
840, 0 0 2349833.573537;
841, 2916 128 2352749.768124;
842, 0 0 2352749.768124;
843, 2841 128 2355590.912528;
844, 0 0 2355590.912528;
845, 1271 128 2356861.970842;
846, 0 0 2356861.970842;
847, 3549 128 2360407.181531;
848, 20 0 2360427.181531;
849, 1214 128 2361645.274202;
850, 0 0 2361645.274202;
851, 2455 128 2364095.403895;
852, 135 0 2364230.406636;
853, 846 128 2365081.606916;
854, 90 0 2365174.468491;
855, 3348 128 2368519.649867;
856, 1491 0 2370010.743222;
857, 512 128 2370517.772013;
858, 590 0 2371107.772013;
859, 150 128 2371257.772013;
860, 320 0 2371577.772013;
861, 70 128 2371647.772013;
862, 680 0 2372327.772013;
863, 1526 128 2373858.982012;
864, 238 0 2374091.987236;
865, 1290 128 2375381.987236;
866, 230 0 2375611.987236;
867, 927 128 2376544.12286;
868, 293 0 2376837.145238;
869, 281 128 2377118.160619;
870, 0 0 2377118.160619;
871, 4253 128 2381371.424641;
872, 0 0 2381371.424641;
873, 5622 128 2386993.695947;
874, 0 0 2386993.695947;
875, 3011 128 2390004.873852;
876, 0 0 2390004.873852;
877, 0 128 2390004.873852;
878, 0 0 2390004.873852;
879, 0 128 2390004.873852;
880, 0 0 2390004.873852;
881, 9146 128 2399151.442036;
882, 0 0 2399151.442036;
883, 3099 128 2402250.614504;
884, 0 0 2402250.614504;
885, 0 128 2402250.614504;
886, 0 0 2402250.614504;
887, 0 128 2402250.614504;
888, 3119 128 2405369.790018;
889, 0 0 2405369.790018;
890, 20152 128 2425521.949815;
891, 3144 0 2428666.140157;
892, 0 128 2428666.140157;
893, 0 0 2428666.140157;
894, 3705 128 2432371.347508;
895, 0 0 2432371.347508;
896, 3438 128 2435809.527627;
897, 0 0 2435809.527627;
898, 0 128 2435809.527627;
899, 0 0 2435809.527627;
900, 0 128 2435809.527627;
901, 0 0 2435809.527627;
902, 0 128 2435809.527627;
903, 0 0 2435809.527627;
904, 3720 0 2439529.748282;
905, 0 128 2439529.748282;
906, 0 0 2439529.748282;
907, 0 128 2439529.748282;
908, 0 0 2439529.748282;
909, 3506 0 2443035.963233;
910, 0 128 2443035.963233;
911, 0 0 2443035.963233;
912, 3573 0 2446609.171521;
913, 0 128 2446609.171521;
914, 0 0 2446609.171521;
915, 3308 128 2449917.36185;
916, 0 0 2449917.36185;
917, 0 128 2449917.36185;
918, 1726 0 2451643.471253;
919, 0 128 2451643.471253;
920, 0 0 2451643.471253;
921, 0 128 2451643.471253;
922, 1474 0 2453117.56103;
923, 4949 128 2458066.832991;
924, 0 0 2458066.832991;
925, 0 128 2458066.832991;
926, 894 0 2458960.888351;
927, 0 128 2458960.888351;
928, 0 0 2458960.888351;
929, 604 128 2459559.907119;
930, 190 0 2459749.907119;
931, 4945 128 2464700.211148;
932, 0 0 2464700.211148;
933, 0 128 2464700.211148;
934, 0 0 2464700.211148;
935, 0 128 2464700.211148;
936, 1035 0 2465735.254098;
937, 8467 128 2474199.729636;
938, 180 0 2474379.729636;
939, 7588 128 2481971.219687;
940, 0 0 2481971.219687;
941, 4557 128 2486523.401459;
942, 190 0 2486718.4842;
943, 0 128 2486718.4842;
944, 612 0 2487330.519162;
945, 0 128 2487330.519162;
946, 1023 0 2488353.61933;
947, 0 128 2488353.61933;
948, 670 0 2489024.600283;
949, 4125 128 2493144.857565;
950, 171 0 2493315.875561;
951, 2200 128 2495543.022852;
952, 541 0 2496062.06249;
953, 290 128 2496353.047478;
954, 0 0 2496353.047478;
955, 79 128 2496432.058451;
956, 310 0 2496737.058451;
957, 20596 128 2517336.269725;
958, 140 0 2517476.269725;
959, 25026 128 2542499.695708;
960, 200 0 2542699.695708;
961, 3110 128 2545809.695708;
962, 130 0 2545939.695708;
963, 28857 128 2574402.554274;
964, 65 0 2574867.61147;
965, 1031 128 2575898.687172;
966, 318 0 2576217.6458;
967, 53 128 2576270.678726;
968, 140 0 2576405.678726;
969, 110 128 2576515.678726;
970, 170 0 2576685.678726;
971, 100 128 2576785.678726;
972, 300 0 2577085.678726;
973, 50 128 2577135.678726;
974, 790 0 2577925.678726;
975, 70 128 2577995.678726;
976, 230 0 2578225.678726;
977, 380 128 2578605.678726;
978, 430 0 2579035.678726;
979, 510 128 2579545.678726;
980, 710 0 2580255.678726;
981, 100 128 2580355.678726;
982, 250 0 2580605.678726;
983, 3545 128 2584156.124765;
984, 0 0 2584156.124765;
985, 2670 128 2586826.295245;
986, 0 0 2586826.295245;
987, 0 128 2586826.295245;
988, 0 0 2586826.295245;
989, 3523 128 2590221.359407;
990, 282 0 2590631.523532;
991, 0 128 2590631.523532;
992, 529 0 2591161.514994;
993, 793 128 2591954.604816;
994, 0 0 2591954.604816;
995, 1413 128 2593367.661436;
996, 1501 0 2594868.717558;
997, 1954 128 2596822.851213;
998, 185 0 2597007.858503;
999, 0 128 2597007.858503;
1000, 1025 0 2598032.926147;
1001, 308 128 2598194.93468;
1002, 297 0 2598637.997811;
1003, 6062 128 2604700.30956;
1004, 0 0 2604700.30956;
1005, 3304 128 2608004.477166;
1006, 0 0 2608004.477166;
1007, 0 128 2608004.477166;
1008, 0 0 2608004.477166;
1009, 0 128 2608004.477166;
1010, 0 0 2608004.477166;
1011, 0 128 2608004.477166;
1012, 0 0 2608004.477166;
1013, 0 128 2608004.477166;
1014, 3283 0 2611287.697503;
1015, 0 128 2611287.697503;
1016, 0 0 2611287.697503;
1017, 3045 128 2614332.861666;
1018, 0 0 2614332.861666;
1019, 0 128 2614332.861666;
1020, 0 0 2614332.861666;
1021, 0 128 2614332.861666;
1022, 0 0 2614332.861666;
1023, 2077 128 2616409.987617;
1024, 0 0 2616409.987617;
1025, 0 128 2616409.987617;
1026, 0 0 2616409.987617;
1027, 0 128 2616409.987617;
1028, 1865 0 2618275.088637;
1029, 2838 128 2621113.232052;
1030, 0 0 2621113.232052;
1031, 0 128 2621113.232052;
1032, 0 0 2621113.232052;
1033, 0 128 2621113.232052;
1034, 0 0 2621113.232052;
1035, 4097 128 2625210.496698;
1036, 1249 0 2626459.539273;
1037, 0 128 2626459.539273;
1038, 0 0 2626459.539273;
1039, 0 128 2626459.539273;
1040, 0 0 2626459.539273;
1041, 6032 128 2632491.909147;
1042, 0 0 2632491.909147;
1043, 1966 128 2634458.045998;
1044, 0 0 2634458.045998;
1045, 0 128 2634458.045998;
1046, 1473 0 2635931.11366;
1047, 0 128 2635931.11366;
1048, 1773 0 2637704.209934;
1049, 875 128 2638579.255483;
1050, 0 0 2638579.255483;
1051, 0 128 2638579.255483;
1052, 525 0 2639104.313437;
1053, 5407 128 2644511.584281;
1054, 0 0 2644511.584281;
1055, 0 128 2644511.584281;
1056, 943 0 2645454.690879;
1057, 0 128 2645454.690879;
1058, 0 0 2645454.690879;
1059, 264 128 2645719.68946;
1060, 684 0 2646403.72574;
1061, 1207 128 2647610.799685;
1062, 0 0 2647610.799685;
1063, 0 128 2647610.799685;
1064, 0 0 2647610.799685;
1065, 1275 128 2648885.865904;
1066, 0 0 2648885.865904;
1067, 0 128 2648885.865904;
1068, 0 0 2648885.865904;
1069, 0 128 2648885.865904;
1070, 0 0 2648885.865904;
1071, 1034 128 2649919.915997;
1072, 0 0 2649919.915997;
1073, 0 128 2649919.915997;
1074, 128 0 2650048.91521;
1075, 110 128 2650153.91521;
1076, 700 0 2650853.91521;
1077, 1473 128 2652332.063353;
1078, 970 0 2653302.094879;
1079, 1964 0 2655266.228538;
1080, 0 128 2655266.228538;
1081, 0 0 2655266.228538;
1082, 6662 128 2661923.589702;
1083, 161 0 2662089.627285;
1084, 404 128 2662493.652441;
1085, 539 0 2663032.676508;
1086, 0 128 2663032.676508;
1087, 1258 0 2664290.735729;
1088, 9594 128 2673885.298231;
1089, 93 0 2673973.322794;
1090, 1202 128 2675175.383791;
1091, 200 0 2675375.383791;
1092, 1433 128 2676808.435851;
1093, 220 0 2677028.435851;
1094, 2654 128 2679682.579203;
1095, 220 0 2679905.661038;
1096, 110 128 2680015.661038;
1097, 220 0 2680235.661038;
1098, 3780 128 2684015.661038;
1099, 260 0 2684275.661038;
1100, 1199 128 2685471.929511;
1101, 160 0 2685631.929511;
1102, 130 128 2685761.929511;
1103, 130 0 2685891.929511;
1104, 120 128 2686011.929511;
1105, 130 0 2686141.929511;
1106, 100 128 2686241.929511;
1107, 180 0 2686421.929511;
1108, 4010 128 2690431.929511;
1109, 190 0 2690621.929511;
1110, 10159 128 2700786.860623;
1111, 0 0 2700786.860623;
1112, 0 128 2700786.860623;
1113, 0 0 2700786.860623;
1114, 2848 128 2703635.025319;
1115, 0 0 2703635.025319;
1116, 0 128 2703635.025319;
1117, 0 0 2703635.025319;
1118, 559 128 2704194.058513;
1119, 0 0 2704194.058513;
1120, 1000 128 2705189.100499;
1121, 229 0 2705418.115831;
1122, 1340 128 2706758.115831;
1123, 560 0 2707318.115831;
1124, 70 128 2707388.115831;
1125, 310 0 2707698.115831;
1126, 1140 128 2708838.115831;
1127, 380 0 2709218.300355;
1128, 4605 128 2713828.62597;
1129, 148 0 2713972.616794;
1130, 4300 128 2718194.884839;
1131, 181 0 2718458.892947;
1132, 781 128 2719234.920963;
1133, 180 0 2719414.920963;
1134, 1587 128 2721001.949607;
1135, 511 0 2721513.058169;
1136, 240 128 2721753.058169;
1137, 190 0 2721943.058169;
1138, 990 128 2722933.058169;
1139, 180 0 2723113.058169;
1140, 590 128 2723708.195801;
1141, 528 0 2724236.352016;
1142, 7950 128 2732186.664331;
1143, 0 0 2732186.664331;
1144, 1331 128 2733517.770544;
1145, 0 0 2733517.770544;
1146, 1820 128 2735337.852549;
1147, 0 0 2735337.852549;
1148, 2155 128 2737492.974957;
1149, 3170 128 2740663.143348;
1150, 0 0 2740663.143348;
1151, 0 128 2740663.143348;
1152, 0 0 2740663.143348;
1153, 3095 128 2743758.339448;
1154, 0 0 2743758.339448;
1155, 0 128 2743758.339448;
1156, 0 0 2743758.339448;
1157, 0 128 2743758.339448;
1158, 0 0 2743758.339448;
1159, 2911 128 2746669.493377;
1160, 0 0 2746669.493377;
1161, 2961 128 2749630.661384;
1162, 418 0 2750048.711927;
1163, 111 128 2750159.739023;
1164, 275 0 2750430.722018;
1165, 700 128 2751135.803304;
1166, 0 0 2751135.803304;
1167, 1732 128 2752867.865669;
1168, 0 0 2752867.865669;
1169, 1131 128 2753998.944068;
1170, 684 0 2754683.009227;
1171, 0 128 2754683.009227;
1172, 0 0 2754683.009227;
1173, 1305 128 2755988.051899;
1174, 0 0 2755988.051899;
1175, 2783 128 2758771.200992;
1176, 0 0 2758771.200992;
1177, 3536 128 2762307.418994;
1178, 0 0 2762307.418994;
1179, 3479 128 2765786.618203;
1180, 0 0 2765786.618203;
1181, 0 128 2765786.618203;
1182, 0 0 2765786.618203;
1183, 0 128 2765786.618203;
1184, 0 0 2765786.618203;
1185, 2003 128 2767789.734702;
1186, 0 0 2767789.734702;
1187, 0 128 2767789.734702;
1188, 0 0 2767789.734702;
1189, 2960 128 2770749.903393;
1190, 0 0 2770749.903393;
1191, 0 128 2770749.903393;
1192, 3367 128 2774117.173462;
1193, 0 0 2774117.173462;
1194, 0 128 2774117.173462;
1195, 0 0 2774117.173462;
1196, 3235 128 2777352.291341;
1197, 0 0 2777352.291341;
1198, 3441 128 2780793.492208;
1199, 0 0 2780793.492208;
1200, 0 128 2780793.492208;
1201, 0 0 2780793.492208;
1202, 0 128 2780793.492208;
1203, 0 0 2780793.492208;
1204, 1906 0 2782699.59484;
1205, 0 128 2782699.59484;
1206, 0 0 2782699.59484;
1207, 0 128 2782699.59484;
1208, 0 0 2782699.59484;
1209, 0 128 2782699.59484;
1210, 0 0 2782699.59484;
1211, 6919 128 2789618.99674;
1212, 0 0 2789618.99674;
1213, 0 128 2789618.99674;
1214, 0 0 2789618.99674;
1215, 3045 128 2792664.169642;
1216, 0 0 2792664.169642;
1217, 0 128 2792664.169642;
1218, 0 0 2792664.169642;
1219, 7084 128 2799748.554886;
1220, 0 0 2799748.554886;
1221, 10593 128 2810342.197105;
1222, 0 0 2810342.197105;
1223, 0 128 2810342.197105;
1224, 0 0 2810342.197105;
1225, 2747 128 2813089.352948;
1226, 0 0 2813089.352948;
1227, 3769 128 2816858.556448;
1228, 0 0 2816858.556448;
1229, 3587 128 2820445.775684;
1230, 0 0 2820445.775684;
1231, 0 128 2820445.775684;
1232, 0 0 2820445.775684;
1233, 6818 128 2827264.184689;
1234, 0 0 2827264.184689;
1235, 0 128 2827264.184689;
1236, 0 0 2827264.184689;
1237, 3262 128 2830526.376824;
1238, 0 0 2830526.376824;
1239, 8753 128 2839279.865218;
1240, 0 0 2839279.865218;
1241, 5734 128 2845009.209664;
1242, 403 0 2845039.209664;
1243, 4619 128 2850036.487589;
1244, 0 0 2850036.487589;
1245, 2700 128 2852736.645922;
1246, 0 0 2852736.645922;
1247, 3396 128 2856132.9847;
1248, 0 0 2856132.9847;
1249, 3589 0 2859722.180531;
1250, 3467 0 2863189.242796;
1251, 3517 128 2866706.428948;
1252, 0 0 2866706.428948;
1253, 0 128 2866706.428948;
1254, 0 0 2866706.428948;
1255, 3442 128 2870148.665609;
1256, 0 0 2870148.665609;
1257, 2357 128 2872505.760128;
1258, 0 0 2872505.760128;
1259, 1070 128 2873570.834541;
1260, 390 0 2873960.834541;
1261, 1870 128 2875830.928618;
1262, 290 0 2876120.928618;
1263, 1237 128 2877358.034593;
1264, 210 0 2877568.034593;
1265, 650 128 2878218.115967;
1266, 230 0 2878448.115967;
1267, 790 128 2879238.115967;
1268, 150 0 2879388.115967;
1269, 75 128 2879408.115967;
1270, 90 0 2879553.220027;
1271, 50 128 2879603.220027;
1272, 120 0 2879723.220027;
1273, 1511 128 2881239.283851;
1274, 0 0 2881239.283851;
1275, 3024 128 2884263.442611;
1276, 393 0 2884656.495424;
1277, 4903 128 2889559.773372;
1278, 283 0 2889842.774467;
1279, 1476 128 2891318.873896;
1280, 913 0 2892231.936785;
1281, 5439 128 2897666.227035;
1282, 100 0 2897766.227035;
1283, 6020 128 2903786.227035;
1284, 140 0 2903926.227035;
1285, 2865 128 2906796.777793;
1286, 0 0 2906796.777793;
1287, 5112 128 2911904.042267;
1288, 296 0 2911944.042267;
1289, 780 128 2912985.122724;
1290, 287 0 2913272.130964;
1291, 1913 128 2915185.255409;
1292, 0 0 2915185.255409;
1293, 1229 128 2916414.310515;
1294, 521 0 2916935.371584;
1295, 3803 128 2920738.593259;
1296, 343 0 2921081.595137;
1297, 4731 128 2925812.866788;
1298, 1488 0 2927300.961054;
1299, 0 128 2927300.961054;
1300, 1813 0 2929114.058102;
1301, 0 128 2929114.058102;
1302, 0 0 2929114.058102;
1303, 0 128 2929114.058102;
1304, 0 0 2929114.058102;
1305, 3171 128 2932285.248228;
1306, 0 0 2932285.248228;
1307, 3426 128 2935711.462008;
1308, 0 0 2935711.462008;
1309, 0 128 2935711.462008;
1310, 0 0 2935711.462008;
1311, 0 128 2935711.462008;
1312, 0 0 2935711.462008;
1313, 3403 128 2939114.638314;
1314, 0 0 2939114.638314;
1315, 0 128 2939114.638314;
1316, 0 0 2939114.638314;
1317, 6715 128 2945830.006395;
1318, 1962 0 2947792.144461;
1319, 0 128 2947792.144461;
1320, 0 0 2947792.144461;
1321, 0 128 2947792.144461;
1322, 0 0 2947792.144461;
1323, 0 128 2947792.144461;
1324, 180 0 2947967.163516;
1325, 743 128 2948715.183416;
1326, 0 0 2948715.183416;
1327, 3220 128 2951935.355246;
1328, 0 0 2951935.355246;
1329, 666 128 2952601.442207;
1330, 0 0 2952601.442207;
1331, 100 128 2952696.442207;
1332, 140 0 2952836.442207;
1333, 80 128 2952916.442207;
1334, 130 0 2953046.442207;
1335, 70 128 2953116.442207;
1336, 130 0 2953246.442207;
1337, 120 128 2953366.442207;
1338, 140 0 2953506.442207;
1339, 70 128 2953576.442207;
1340, 190 0 2953766.442207;
1341, 190 128 2953956.442207;
1342, 170 0 2954126.442207;
1343, 4666 128 2958796.785224;
1344, 160 0 2958956.785224;
1345, 3741 128 2962698.98993;
1346, 0 0 2962698.98993;
1347, 0 128 2962698.98993;
1348, 0 0 2962698.98993;
1349, 0 128 2962698.98993;
1350, 1326 0 2964025.077903;
1351, 0 128 2964025.077903;
1352, 310 0 2964330.077903;
1353, 652 128 2964987.136936;
1354, 883 0 2965870.161057;
1355, 589 128 2966459.203381;
1356, 1197 0 2967656.289861;
1357, 2712 128 2970368.444171;
1358, 0 0 2970368.444171;
1359, 0 128 2970368.444171;
1360, 70 0 2970434.472376;
1361, 1368 128 2971806.5027;
1362, 256 0 2972062.522632;
1363, 480 128 2972537.522632;
1364, 370 0 2972907.522632;
1365, 458 128 2973370.635068;
1366, 676 0 2974046.812466;
1367, 0 128 2974046.812466;
1368, 142 0 2974189.66798;
1369, 0 128 2974189.66798;
1370, 110 0 2974294.66798;
1371, 1118 128 2975417.736689;
1372, 479 0 2975896.763013;
1373, 822 128 2976713.805999;
1374, 490 0 2977203.805999;
1375, 470 128 2977673.805999;
1376, 200 0 2977873.805999;
1377, 460 128 2978333.805999;
1378, 382 0 2978715.929205;
1379, 2424 128 2981145.051731;
1380, 217 0 2981362.102881;
1381, 0 128 2981362.102881;
1382, 153 0 2981510.14113;
1383, 280 128 2981790.14113;
1384, 160 0 2981950.14113;
1385, 180 128 2982145.147103;
1386, 414 0 2982549.14528;
1387, 0 128 2982549.14528;
1388, 496 0 2983045.178982;
1389, 528 128 2983573.179031;
1390, 672 0 2984245.248592;
1391, 38 128 2984283.277332;
1392, 360 0 2984638.277332;
1393, 400 128 2985038.277332;
1394, 260 0 2985298.277332;
1395, 2013 128 2987316.423481;
1396, 2247 0 2989563.528598;
1397, 2949 128 2992512.699488;
1398, 0 0 2992512.699488;
1399, 1759 128 2993879.803802;
1400, 943 0 2995214.866333;
1401, 2045 128 2997260.003139;
1402, 0 0 2997260.003139;
1403, 0 128 2997260.003139;
1404, 0 0 2997260.003139;
1405, 0 128 2997260.003139;
1406, 2825 0 3000085.163039;
1407, 0 128 3000085.163039;
1408, 0 0 3000085.163039;
1409, 0 128 3000085.163039;
1410, 0 0 3000085.163039;
1411, 0 128 3000085.163039;
1412, 0 0 3000085.163039;
1413, 0 128 3000085.163039;
1414, 832 0 3000917.203023;
1415, 0 128 3000917.203023;
1416, 0 0 3000917.203023;
1417, 0 128 3000917.203023;
1418, 0 0 3000917.203023;
1419, 479 128 3001391.203384;
1420, 210 0 3001601.203384;
1421, 170 128 3001771.203384;
1422, 420 0 3002191.203384;
1423, 490 128 3002681.203384;
1424, 140 0 3002821.203384;
1425, 70 128 3002891.203384;
1426, 430 0 3003321.203384;
1427, 210 128 3003531.203384;
1428, 240 0 3003771.203384;
1429, 2180 128 3005951.203384;
1430, 220 0 3006176.549197;
1431, 2336 128 3008507.6306;
1432, 270 0 3008777.6306;
1433, 140 128 3008917.6306;
1434, 250 0 3009167.6306;
1435, 3217 128 3012389.871339;
1436, 0 0 3012389.871339;
1437, 0 128 3012389.871339;
1438, 0 0 3012389.871339;
1439, 1958 128 3014348.00036;
1440, 0 0 3014348.00036;
1441, 0 128 3014348.00036;
1442, 0 0 3014348.00036;
1443, 0 128 3014348.00036;
1444, 0 0 3014348.00036;
1445, 0 128 3014348.00036;
1446, 2625 0 3016973.137006;
1447, 0 128 3016973.137006;
1448, 0 0 3016973.137006;
1449, 0 128 3016973.137006;
1450, 0 0 3016973.137006;
1451, 0 128 3016973.137006;
1452, 0 0 3016973.137006;
1453, 0 128 3016973.137006;
1454, 0 0 3016973.137006;
1455, 0 128 3016973.137006;
1456, 3349 0 3020322.378723;
1457, 3601 128 3023923.543553;
1458, 0 0 3023923.543553;
1459, 0 128 3023923.543553;
1460, 0 0 3023923.543553;
1461, 4743 128 3028666.818401;
1462, 963 0 3029629.87789;
1463, 0 128 3029629.87789;
1464, 0 0 3029629.87789;
1465, 236 128 3029860.926634;
1466, 123 0 3029950.926634;
1467, 200 128 3030184.960932;
1468, 463 0 3030648.94431;
1469, 490 128 3031139.968723;
1470, 560 0 3031699.968723;
1471, 460 128 3032159.968723;
1472, 260 0 3032419.968723;
1473, 410 128 3032829.968723;
1474, 310 0 3033139.968723;
1475, 290 128 3033429.968723;
1476, 390 0 3033819.968723;
1477, 220 128 3034039.968723;
1478, 160 0 3034199.968723;
1479, 789 128 3034993.18223;
1480, 0 0 3034993.18223;
1481, 679 128 3035672.238647;
1482, 744 0 3036416.260512;
1483, 3565 128 3039981.528225;
1484, 0 0 3039981.528225;
1485, 237 128 3040219.517524;
1486, 834 0 3041053.539803;
1487, 0 128 3041053.539803;
1488, 0 0 3041053.539803;
1489, 1769 128 3042822.633871;
1490, 0 0 3042822.633871;
1491, 0 128 3042822.633871;
1492, 0 0 3042822.633871;
1493, 6053 128 3048875.98901;
1494, 0 0 3048875.98901;
1495, 1090 128 3049966.054019;
1496, 0 0 3049966.054019;
1497, 939 128 3050905.112814;
1498, 274 0 3051179.296367;
1499, 120 128 3051295.135352;
1500, 210 0 3051505.135352;
1501, 624 128 3052134.319148;
1502, 190 0 3052319.319148;
1503, 465 128 3052790.226001;
1504, 360 0 3053150.251976;
1505, 1215 128 3054365.274476;
1506, 130 0 3054490.274476;
1507, 310 128 3054800.274476;
1508, 260 0 3055060.274476;
1509, 680 128 3055742.393578;
1510, 265 0 3056010.415689;
1511, 0 128 3056010.415689;
1512, 263 0 3056268.42283;
1513, 540 128 3056808.42283;
1514, 433 0 3057246.447012;
1515, 0 128 3057246.447012;
1516, 0 0 3057246.447012;
1517, 395 128 3057636.504507;
1518, 164 0 3057800.528796;
1519, 1665 128 3059465.589373;
1520, 190 0 3059655.589373;
1521, 130 128 3059785.589373;
1522, 220 0 3060005.589373;
1523, 830 128 3060835.589373;
1524, 210 0 3061045.589373;
1525, 470 128 3061515.589373;
1526, 540 0 3062055.589373;
1527, 1067 128 3063127.793574;
1528, 0 0 3063127.793574;
1529, 1838 128 3064960.988238;
1530, 120 0 3065080.988238;
1531, 750 128 3065830.988238;
1532, 150 0 3065980.988238;
1533, 610 128 3066590.988238;
1534, 140 0 3066730.988238;
1535, 1071 128 3067802.4392;
1536, 130 0 3067932.4392;
