0, 0 128 0;
1, 220 0 0;
2, 833773 128 417698.001301;
3, 90 0 417788.001301;
4, 226594 128 644382.90821;
5, 150 0 644532.90821;
6, 1408154 128 2052687.336109;
7, 140 0 2052827.336109;
8, 109807 128 2162634.555825;
9, 160 0 2162794.555825;
10, 52927 128 2215726.866299;
11, 18459 0 2234185.874377;
12, 0 128 2234185.874377;
13, 2966 128 2237152.045426;
14, 0 0 2237152.045426;
15, 28230 128 2265382.701339;
16, 550 0 2265932.728145;
17, 505 128 2266432.761372;
18, 3231 0 2269668.913925;
19, 11941 128 2281610.607421;
20, 0 0 2281610.607421;
21, 0 128 2281610.607421;
22, 2585 0 2284195.756211;
23, 1650 128 2285845.888307;
24, 0 0 2285845.888307;
25, 0 128 2285845.888307;
26, 1552 0 2287397.941864;
27, 0 128 2287397.941864;
28, 0 0 2287397.941864;
29, 0 128 2287397.941864;
30, 2810 0 2290208.231328;
31, 2809 0 2293017.274116;
32, 0 128 2293017.274116;
33, 0 0 2293017.274116;
34, 0 128 2293017.274116;
35, 0 0 2293017.274116;
36, 3122 0 2296139.44568;
37, 0 128 2296139.44568;
38, 2862 128 2299001.629304;
39, 0 0 2299001.629304;
40, 0 128 2299001.629304;
41, 2836 128 2301837.820821;
42, 3087 128 2304924.971854;
43, 0 0 2304924.971854;
44, 3041 128 2307966.139891;
45, 5824 0 2313790.465761;
46, 2997 128 2316787.645257;
47, 0 0 2316787.645257;
48, 5183 128 2321965.961665;
49, 535 0 2322505.970631;
50, 396 128 2322902.036212;
51, 3790 0 2326692.237515;
52, 1957 128 2328649.3619;
53, 0 0 2328649.3619;
54, 0 128 2328649.3619;
55, 2890 0 2331539.527525;
56, 0 128 2331539.527525;
57, 0 0 2331539.527525;
58, 0 128 2331539.527525;
59, 18294 0 2349833.573537;
60, 0 128 2349833.573537;
61, 0 0 2349833.573537;
62, 0 128 2349833.573537;
63, 0 0 2349833.573537;
64, 2916 128 2352749.768124;
65, 0 0 2352749.768124;
66, 0 128 2352749.768124;
67, 0 0 2352749.768124;
68, 0 128 2352749.768124;
69, 2841 0 2355590.912528;
70, 0 128 2355590.912528;
71, 1271 0 2356861.970842;
72, 1099 128 2357961.060096;
73, 0 0 2357961.060096;
74, 805 128 2358761.097206;
75, 504 0 2359221.391069;
76, 791 128 2360056.168007;
77, 260 0 2360316.168007;
78, 2792 128 2363113.317164;
79, 675 0 2363788.380116;
80, 292 128 2364075.403895;
81, 105 0 2364105.403895;
82, 140 128 2364320.406636;
83, 130 0 2364450.406636;
84, 170 128 2364620.406636;
85, 390 0 2365010.406636;
86, 711 128 2365721.501378;
87, 293 0 2366019.560764;
88, 6383 128 2372397.772013;
89, 1456 0 2373858.982012;
90, 2138 128 2375991.987236;
91, 323 0 2376320.25812;
92, 1476 128 2377797.167261;
93, 0 0 2377797.167261;
94, 3719 128 2381516.414057;
95, 5477 0 2386993.695947;
96, 0 128 2386993.695947;
97, 0 0 2386993.695947;
98, 9221 128 2396215.25542;
99, 2936 0 2399151.442036;
100, 0 128 2399151.442036;
101, 3099 0 2402250.614504;
102, 3119 0 2405369.790018;
103, 0 128 2405369.790018;
104, 20152 0 2425521.949815;
105, 14007 128 2439529.748282;
106, 0 0 2439529.748282;
107, 0 128 2439529.748282;
108, 3506 128 2443035.963233;
109, 0 0 2443035.963233;
110, 0 128 2443035.963233;
111, 3573 128 2446609.171521;
112, 0 0 2446609.171521;
113, 5034 128 2451643.471253;
114, 0 0 2451643.471253;
115, 1474 128 2453117.56103;
116, 0 0 2453117.56103;
117, 6109 128 2459226.906386;
118, 281 0 2459507.921768;
119, 286 128 2459789.907119;
120, 4905 0 2464700.211148;
121, 0 128 2464700.211148;
122, 0 0 2464700.211148;
123, 9762 128 2474459.729636;
124, 7508 0 2481971.219687;
125, 0 128 2481971.219687;
126, 2201 0 2484172.347128;
127, 4852 128 2489024.600283;
128, 3363 0 2492387.804692;
129, 4394 128 2496777.058451;
130, 6873 0 2503655.449751;
131, 77382 128 2580995.678726;
132, 2142 0 2583180.056684;
133, 3646 128 2586826.295245;
134, 880 0 2587706.333196;
135, 4248 128 2591954.604816;
136, 1413 0 2593367.661436;
137, 4665 128 2598032.926147;
138, 308 0 2598194.93468;
139, 692 128 2599032.981242;
140, 17377 128 2616409.987617;
141, 0 0 2616409.987617;
142, 1865 128 2618275.088637;
143, 0 0 2618275.088637;
144, 2838 128 2621113.232052;
145, 0 0 2621113.232052;
146, 2720 128 2623833.398751;
147, 0 0 2623833.398751;
148, 27055 128 2650883.91521;
149, 774 0 2651663.024418;
150, 1639 128 2653302.094879;
151, 0 0 2653302.094879;
152, 1964 128 2655266.228538;
153, 0 0 2655266.228538;
154, 0 128 2655266.228538;
155, 2912 0 2658178.396223;
156, 6112 128 2664290.735729;
157, 5580 0 2669871.090079;
158, 17005 128 2686871.929511;
159, 3470 0 2690341.929511;
160, 360 128 2690702.283866;
161, 1452 0 2692159.361714;
162, 13443 128 2705598.115831;
163, 570 0 2706168.115831;
164, 3130 128 2709298.300355;
165, 580 0 2709878.300355;
166, 8903 128 2718786.899759;
167, 333 0 2719114.920963;
168, 350 128 2719464.920963;
169, 110 0 2719583.972788;
170, 12606 128 2732186.664331;
171, 1331 0 2733517.770544;
172, 0 128 2733517.770544;
173, 0 0 2733517.770544;
174, 3975 0 2737492.974957;
175, 3170 128 2740663.143348;
176, 0 0 2740663.143348;
177, 0 128 2740663.143348;
178, 3095 128 2743758.339448;
179, 0 0 2743758.339448;
180, 5035 128 2748793.653695;
181, 837 0 2749630.661384;
182, 1505 128 2751135.803304;
183, 686 0 2751821.830619;
184, 1137 128 2752958.893897;
185, 427 0 2753385.948547;
186, 2602 128 2755988.051899;
187, 0 0 2755988.051899;
188, 2783 128 2758771.200992;
189, 0 0 2758771.200992;
190, 3536 128 2762307.418994;
191, 0 0 2762307.418994;
192, 3479 128 2765786.618203;
193, 0 0 2765786.618203;
194, 0 128 2765786.618203;
195, 2003 0 2767789.734702;
196, 2960 128 2770749.903393;
197, 0 0 2770749.903393;
198, 3367 128 2774117.173462;
199, 3235 128 2777352.291341;
200, 0 0 2777352.291341;
201, 5347 128 2782699.59484;
202, 3480 0 2786179.810844;
203, 13568 128 2799748.554886;
204, 0 0 2799748.554886;
205, 3626 128 2803374.797999;
206, 0 0 2803374.797999;
207, 6967 128 2810342.197105;
208, 0 0 2810342.197105;
209, 0 128 2810342.197105;
210, 0 0 2810342.197105;
211, 2747 0 2813089.352948;
212, 0 128 2813089.352948;
213, 7356 128 2820445.775684;
214, 3519 0 2823965.014426;
215, 0 128 2823965.014426;
216, 3299 0 2827264.184689;
217, 10204 128 2837468.755023;
218, 0 0 2837468.755023;
219, 1811 128 2839279.865218;
220, 2406 0 2841686.006796;
221, 3731 128 2845039.209664;
222, 3134 0 2848551.406851;
223, 1485 128 2850036.487589;
224, 2700 0 2852736.645922;
225, 0 128 2852736.645922;
226, 6985 128 2859722.180531;
227, 0 0 2859722.180531;
228, 14253 128 2873970.834541;
229, 920 0 2874890.834541;
230, 1270 128 2876160.928618;
231, 697 0 2876858.034593;
232, 760 128 2877618.115967;
233, 530 0 2878148.115967;
234, 380 128 2878528.115967;
235, 270 0 2878798.115967;
236, 1055 128 2879853.220027;
237, 320 0 2880173.220027;
238, 9664 128 2889842.774467;
239, 1476 0 2891318.873896;
240, 913 128 2892231.936785;
241, 694 0 2892925.944573;
242, 19334 128 2912260.131948;
243, 559 0 2912819.138544;
244, 1076 128 2913895.159547;
245, 1290 0 2915185.255409;
246, 46 128 2915231.277541;
247, 1035 0 2916266.32923;
248, 669 128 2916935.371584;
249, 672 0 2917607.407709;
250, 3474 128 2921081.595137;
251, 3383 0 2924464.818552;
252, 1348 128 2925812.866788;
253, 0 0 2925812.866788;
254, 1488 128 2927300.961054;
255, 0 0 2927300.961054;
256, 1813 128 2929114.058102;
257, 3171 128 2932285.248228;
258, 0 0 2932285.248228;
259, 3426 0 2935711.462008;
260, 0 128 2935711.462008;
261, 0 0 2935711.462008;
262, 0 128 2935711.462008;
263, 3403 0 2939114.638314;
264, 0 128 2939114.638314;
265, 0 0 2939114.638314;
266, 0 128 2939114.638314;
267, 0 0 2939114.638314;
268, 9107 128 2948217.163516;
269, 223 0 2948445.166595;
270, 427 128 2948872.193887;
271, 1123 0 2949995.266356;
272, 9102 128 2959096.785224;
273, 2221 0 2961318.920252;
274, 1380 128 2962698.98993;
275, 0 0 2962698.98993;
276, 3171 128 2965870.161057;
277, 589 0 2966459.203381;
278, 1197 128 2967656.289861;
279, 0 0 2967656.289861;
280, 2782 128 2970434.472376;
281, 720 0 2971154.472376;
282, 7862 128 2979015.929205;
283, 2124 0 2981145.051731;
284, 420 128 2981560.14113;
285, 240 0 2981800.14113;
286, 3568 128 2985370.344758;
287, 1943 0 2987316.423481;
288, 2247 128 2989563.528598;
289, 0 0 2989563.528598;
290, 2949 128 2992512.699488;
291, 1362 0 2993869.803802;
292, 3385 128 2997260.003139;
293, 0 0 2997260.003139;
294, 9023 128 3006283.522032;
295, 2129 0 3008407.6306;
296, 910 128 3009317.6306;
297, 1733 0 3011055.830251;
298, 1334 128 3012389.871339;
299, 0 0 3012389.871339;
300, 7932 128 3020322.378723;
301, 3601 0 3023923.543553;
302, 5706 128 3029629.87789;
303, 136 0 3029760.926634;
304, 21139 128 3050905.112814;
305, 0 0 3050905.112814;
306, 725 128 3051625.135352;
307, 210 0 3051835.135352;
308, 1310 128 3053150.251976;
309, 854 0 3054004.257164;
310, 1171 128 3055170.274476;
311, 190 0 3055385.384674;
312, 968 128 3056328.42283;
313, 410 0 3056738.42283;
314, 1152 128 3057890.528796;
315, 1305 0 3059195.589373;
316, 970 128 3060165.589373;
317, 610 0 3060775.589373;
