0, 0 18000 0;
1, 0 13500 0;
2, 0 9000 0;
3, 0 4500 0;
4, 0 0 0;
5, 0 4500 0;
6, 0 9000 0;
7, 0 -1 0;
8, 4730 0 0;
9, 120 -1 0;
10, 330 18000 0;
11, 110 22500 0;
12, 70 27000 0;
13, 110 22500 0;
14, 40 18000 0;
15, 10 13500 0;
16, 60 9000 0;
17, 140 0 0;
18, 150 31500 0;
19, 10 27000 0;
20, 30 22500 0;
21, 80 18000 0;
22, 50 13500 0;
23, 60 9000 0;
24, 30 -1 0;
25, 50 27000 0;
26, 10 -1 0;
27, 49469 27000 0;
28, 20 31500 0;
29, 100 0 0;
30, 320 -1 0;
31, 230 9000 0;
32, 370 -1 0;
33, 4170 0 0;
34, 1350 -1 0;
35, 460 9000 0;
36, 10 4500 0;
37, 910 9000 0;
38, 10 -1 0;
39, 300 9000 0;
40, 1500 -1 0;
41, 350 13500 0;
42, 830 9000 0;
43, 10 -1 0;
44, 200 18000 0;
45, 60 13500 0;
46, 660 18000 0;
47, 80 22500 0;
48, 90 18000 0;
49, 750 22500 0;
50, 860 27000 0;
51, 1200 31500 0;
52, 1340 0 0;
53, 600 -1 0;
54, 338413 9000 0;
55, 20 13500 0;
56, 50 18000 0;
57, 40 22500 0;
58, 30 27000 0;
59, 60 31500 0;
60, 70 0 0;
61, 20 -1 0;
62, 10 9000 0;
63, 50 13500 0;
64, 40 18000 0;
65, 10 -1 0;
66, 241710 18000 228638.001301;
67, 380 -1 229018.001301;
68, 1982706 9000 2211726.127662;
69, 460 -1 2212186.127662;
70, 852217 18000 3064401.840017;
71, 100 -1 3064501.840017;
72, 50 18000 3064551.840017;
73, 90 -1 3064641.840017;
74, 50 18000 3064691.840017;
75, 110 -1 3064801.840017;
76, 2109 9000 3066910.988238;
77, 145 -1 3067056.0544;
78, 250 9000 3067306.0544;
79, 140 -1 3067446.0544;
