0, 0 128 0;
1, 240 0 0;
2, 1058808 128 642352.90821;
3, 30 0 642382.90821;
4, 95069 128 737452.331369;
5, 160 0 737612.331369;
6, 169563 128 907181.195448;
7, 77 0 907258.226027;
8, 1212265 128 2119521.763172;
9, 180 0 2119701.763172;
10, 43295 128 2162994.555825;
11, 180 0 2163174.555825;
12, 195202 128 2358377.065557;
13, 214 0 2358591.082315;
14, 1029 128 2359647.224959;
15, 336 0 2359961.168007;
16, 1684 128 2361645.274202;
17, 0 0 2361645.274202;
18, 2143 128 2363788.380116;
19, 0 0 2363788.380116;
20, 0 128 2363788.380116;
21, 182 0 2363970.403895;
22, 1386 128 2365351.501378;
23, 130 0 2365481.501378;
24, 940 128 2366426.509395;
25, 0 0 2366426.509395;
26, 2093 128 2368519.649867;
27, 0 0 2368519.649867;
28, 0 128 2368519.649867;
29, 0 0 2368519.649867;
30, 10849 128 2379364.226939;
31, 120 0 2379484.226939;
32, 80 128 2379564.226939;
33, 60 0 2379624.226939;
34, 20 128 2379644.226939;
35, 70 0 2379714.226939;
36, 10 128 2379724.226939;
37, 327 0 2380056.33029;
38, 0 128 2380056.33029;
39, 0 0 2380056.33029;
40, 0 128 2380056.33029;
41, 0 0 2380056.33029;
42, 717 128 2380773.337174;
43, 0 0 2380773.337174;
44, 0 128 2380773.337174;
45, 0 0 2380773.337174;
46, 112938 128 2493515.875561;
47, 265 0 2493976.92111;
48, 283 128 2494260.920762;
49, 348 0 2494603.921814;
50, 139 128 2494742.969727;
51, 200 0 2494942.969727;
52, 160 128 2495106.978118;
53, 203 0 2495306.96871;
54, 48283 128 2543589.695708;
55, 340 0 2543929.695708;
56, 8765 128 2552700.3069;
57, 0 0 2552700.3069;
58, 3464 128 2556164.489765;
59, 0 0 2556164.489765;
60, 3583 128 2559747.688178;
61, 0 0 2559747.688178;
62, 0 128 2559747.688178;
63, 0 0 2559747.688178;
64, 53005 128 2612752.787352;
65, 0 0 2612752.787352;
66, 0 128 2612752.787352;
67, 0 0 2612752.787352;
68, 0 128 2612752.787352;
69, 0 0 2612752.787352;
70, 0 128 2612752.787352;
71, 0 0 2612752.787352;
72, 15990 128 2628743.704211;
73, 0 0 2628743.704211;
74, 0 128 2628743.704211;
75, 0 0 2628743.704211;
76, 1742 128 2630485.809517;
77, 0 0 2630485.809517;
78, 0 128 2630485.809517;
79, 0 0 2630485.809517;
80, 2006 128 2632491.909147;
81, 0 0 2632491.909147;
82, 0 128 2632491.909147;
83, 0 0 2632491.909147;
84, 0 128 2632491.909147;
85, 0 0 2632491.909147;
86, 5212 128 2637704.209934;
87, 0 0 2637704.209934;
88, 0 128 2637704.209934;
89, 0 0 2637704.209934;
90, 42743 128 2680445.661038;
91, 290 0 2680735.661038;
92, 13552 128 2694290.47545;
93, 0 0 2694290.47545;
94, 0 128 2694290.47545;
95, 0 0 2694290.47545;
96, 0 128 2694290.47545;
97, 0 0 2694290.47545;
98, 0 128 2694290.47545;
99, 0 0 2694290.47545;
100, 0 128 2694290.47545;
101, 3218 0 2697508.673345;
102, 0 128 2697508.673345;
103, 0 0 2697508.673345;
104, 0 128 2697508.673345;
105, 3278 0 2700786.860623;
106, 0 128 2700786.860623;
107, 0 0 2700786.860623;
108, 0 128 2700786.860623;
109, 0 0 2700786.860623;
110, 0 128 2700786.860623;
111, 0 0 2700786.860623;
112, 0 128 2700786.860623;
113, 2848 0 2703635.025319;
114, 0 128 2703635.025319;
115, 0 0 2703635.025319;
116, 0 128 2703635.025319;
117, 0 0 2703635.025319;
118, 559 128 2704194.058513;
119, 405 0 2704594.086321;
120, 1784 128 2706378.115831;
121, 190 0 2706568.115831;
122, 1250 128 2707818.115831;
123, 650 0 2708468.115831;
124, 2784 128 2711257.452792;
125, 0 0 2711257.452792;
126, 3682 128 2714939.710821;
127, 403 0 2715342.721462;
128, 360 128 2715702.722358;
129, 0 0 2715702.722358;
130, 305 128 2716007.784789;
131, 694 0 2716702.779354;
132, 79546 128 2796249.360988;
133, 0 0 2796249.360988;
134, 0 128 2796249.360988;
135, 0 0 2796249.360988;
136, 0 128 2796249.360988;
137, 0 0 2796249.360988;
138, 0 128 2796249.360988;
139, 0 0 2796249.360988;
140, 0 128 2796249.360988;
141, 0 0 2796249.360988;
142, 3499 128 2799748.554886;
143, 0 0 2799748.554886;
144, 0 128 2799748.554886;
145, 0 0 2799748.554886;
146, 3626 128 2803374.797999;
147, 0 0 2803374.797999;
148, 0 128 2803374.797999;
149, 0 0 2803374.797999;
150, 3516 128 2806891.009154;
151, 0 0 2806891.009154;
152, 0 128 2806891.009154;
153, 0 0 2806891.009154;
154, 0 128 2806891.009154;
155, 0 0 2806891.009154;
156, 0 128 2806891.009154;
157, 0 0 2806891.009154;
158, 3451 128 2810342.197105;
159, 0 0 2810342.197105;
160, 27126 128 2837468.755023;
161, 0 0 2837468.755023;
162, 0 128 2837468.755023;
163, 0 0 2837468.755023;
164, 25720 128 2863189.242796;
165, 0 0 2863189.242796;
166, 3517 128 2866706.428948;
167, 0 0 2866706.428948;
168, 0 128 2866706.428948;
169, 0 0 2866706.428948;
170, 72408 128 2939114.638314;
171, 0 0 2939114.638314;
