0, 0 128 0;
1, 180 0 0;
2, 549433 128 132078.001301;
3, 180 0 132258.001301;
4, 55680 128 187938.001301;
5, 160 0 188098.001301;
6, 187490 128 375588.001301;
7, 170 0 375758.001301;
8, 770 128 376528.001301;
9, 230 0 376758.001301;
10, 34330 128 411088.001301;
11, 200 0 411288.001301;
12, 1880 128 413168.001301;
13, 360 0 413528.001301;
14, 9260 128 422788.001301;
15, 220 0 423008.001301;
16, 4130 128 427138.001301;
17, 170 0 427308.001301;
18, 5060 128 432368.001301;
19, 140 0 432508.001301;
20, 19530 128 452038.001301;
21, 180 0 452218.001301;
22, 11020 128 463238.001301;
23, 320 0 463558.001301;
24, 3990 128 467548.001301;
25, 160 0 467708.001301;
26, 50060 128 517768.001301;
27, 150 0 517918.001301;
28, 44305 128 562223.056406;
29, 150 0 562373.056406;
30, 59293 128 621666.524725;
31, 170 0 621836.524725;
32, 48586 128 670423.421293;
33, 136 0 670559.541965;
34, 25156 128 695715.979334;
35, 186 0 695905.009435;
36, 79246 128 775148.553888;
37, 110 0 775258.553888;
38, 80970 128 856234.27131;
39, 195 0 856429.291523;
40, 193447 128 1049871.48105;
41, 90 0 1049962.488756;
42, 23588 0 1073554.842144;
43, 26400 128 1099955.371972;
44, 593 0 1100549.369842;
45, 2860 128 1103409.562052;
46, 49 0 1103459.546493;
47, 17508 128 1120967.557933;
48, 0 0 1120967.557933;
49, 80637 128 1201600.221257;
50, 100 0 1201700.221257;
51, 8553 128 1210258.754563;
52, 151 0 1210410.747553;
53, 38294 128 1248704.955812;
54, 0 0 1248704.955812;
55, 12001 128 1260706.65047;
56, 0 0 1260706.65047;
57, 1538 128 1262244.747034;
58, 0 0 1262244.747034;
59, 9491 128 1271736.285712;
60, 177 0 1271913.317848;
61, 10097 0 1282010.863292;
62, 31064 128 1313075.710949;
63, 0 0 1313075.710949;
64, 18233 128 1331308.718865;
65, 0 0 1331308.718865;
66, 4929 128 1336238.047814;
67, 0 0 1336238.047814;
68, 10725 128 1346963.636661;
69, 0 0 1346963.636661;
70, 5549 128 1352512.945328;
71, 0 0 1352512.945328;
72, 22256 128 1374769.253655;
73, 0 0 1374769.253655;
