0, 0 128 0;
1, 140 0 0;
2, 100 128 0;
3, 150 0 0;
4, 540 128 0;
5, 120 0 0;
6, 501813 128 84948.001301;
7, 160 0 85108.001301;
8, 21920 128 107028.001301;
9, 120 0 107148.001301;
10, 100 128 107248.001301;
11, 90 0 107338.001301;
12, 110 128 107448.001301;
13, 100 0 107548.001301;
14, 130 128 107678.001301;
15, 60 0 107738.001301;
16, 3180 128 110918.001301;
17, 70 0 110988.001301;
18, 1280 128 112268.001301;
19, 90 0 112358.001301;
20, 90 128 112448.001301;
21, 60 0 112508.001301;
22, 160 128 112668.001301;
23, 60 0 112728.001301;
24, 110 128 112838.001301;
25, 60 0 112898.001301;
26, 190 128 113088.001301;
27, 60 0 113148.001301;
28, 21890 128 135038.001301;
29, 90 0 135128.001301;
30, 100 128 135228.001301;
31, 50 0 135278.001301;
32, 120620 128 255898.001301;
33, 70 0 255968.001301;
34, 100 128 256068.001301;
35, 70 0 256138.001301;
36, 90 128 256228.001301;
37, 70 0 256298.001301;
38, 80 128 256378.001301;
39, 90 0 256468.001301;
40, 200 128 256668.001301;
41, 120 0 256788.001301;
42, 100340 128 357128.001301;
43, 140 0 357268.001301;
44, 55770 128 413038.001301;
45, 80 0 413118.001301;
46, 27890 128 441008.001301;
47, 130 0 441138.001301;
48, 950 128 442088.001301;
49, 120 0 442208.001301;
50, 900 128 443108.001301;
51, 80 0 443188.001301;
52, 100 128 443288.001301;
53, 70 0 443358.001301;
54, 90 128 443448.001301;
55, 70 0 443518.001301;
56, 70 128 443588.001301;
57, 100 0 443688.001301;
58, 70 128 443758.001301;
59, 90 0 443848.001301;
60, 90 128 443938.001301;
61, 90 0 444028.001301;
62, 9500 128 453528.001301;
63, 80 0 453608.001301;
64, 90 128 453698.001301;
65, 80 0 453778.001301;
66, 60 128 453838.001301;
67, 100 0 453938.001301;
68, 80 128 454018.001301;
69, 70 0 454088.001301;
70, 90 128 454178.001301;
71, 110 0 454288.001301;
72, 60 128 454348.001301;
73, 120 0 454468.001301;
74, 140 128 454608.001301;
75, 100 0 454708.001301;
76, 17010 128 471718.001301;
77, 90 0 471808.001301;
78, 630 128 472438.001301;
79, 70 0 472508.001301;
80, 100 128 472608.001301;
81, 80 0 472688.001301;
82, 90 128 472778.001301;
83, 60 0 472838.001301;
84, 100 128 472938.001301;
85, 60 0 472998.001301;
86, 80 128 473078.001301;
87, 110 0 473188.001301;
88, 50 128 473238.001301;
89, 130 0 473368.001301;
90, 20 128 473388.001301;
91, 120 0 473508.001301;
92, 70 128 473578.001301;
93, 110 0 473688.001301;
94, 60 128 473748.001301;
95, 120 0 473868.001301;
96, 60 128 473928.001301;
97, 120 0 474048.001301;
98, 60 128 474108.001301;
99, 140 0 474248.001301;
100, 100 128 474348.001301;
101, 90 0 474438.001301;
102, 200 128 474638.001301;
103, 80 0 474718.001301;
104, 520 128 475238.001301;
105, 210 0 475448.001301;
106, 120 128 475568.001301;
107, 110 0 475678.001301;
108, 100 128 475778.001301;
109, 90 0 475868.001301;
110, 4460 128 480328.001301;
111, 90 0 480418.001301;
112, 90 128 480508.001301;
113, 90 0 480598.001301;
114, 220 128 480818.001301;
115, 60 0 480878.001301;
116, 100 128 480978.001301;
117, 80 0 481058.001301;
118, 90 128 481148.001301;
119, 70 0 481218.001301;
120, 290 128 481508.001301;
121, 110 0 481618.001301;
122, 50 128 481668.001301;
123, 140 0 481808.001301;
124, 160 128 481968.001301;
125, 140 0 482108.001301;
126, 170 128 482278.001301;
127, 110 0 482388.001301;
128, 120 128 482508.001301;
129, 100 0 482608.001301;
130, 12860 128 495468.001301;
131, 120 0 495588.001301;
132, 60 128 495648.001301;
133, 120 0 495768.001301;
134, 17940 128 513708.001301;
135, 20 0 513728.001301;
136, 140 128 513868.001301;
137, 80 0 513948.001301;
138, 80 128 514028.001301;
139, 90 0 514118.001301;
140, 70 128 514188.001301;
141, 110 0 514298.001301;
142, 4560 128 518858.001301;
143, 120 0 518978.001301;
144, 130 128 519108.001301;
145, 110 0 519218.001301;
146, 90 128 519308.001301;
147, 80 0 519388.001301;
148, 100 128 519488.001301;
149, 40 0 519528.001301;
150, 130 128 519658.001301;
151, 50 0 519708.001301;
152, 110 128 519818.001301;
153, 80 0 519898.001301;
154, 100 128 519998.001301;
155, 50 0 520048.001301;
156, 110 128 520158.001301;
157, 50 0 520208.001301;
158, 100 128 520308.001301;
159, 70 0 520378.001301;
160, 90 128 520468.001301;
161, 100 0 520568.001301;
162, 3600 128 524168.001301;
163, 100 0 524268.001301;
164, 70 128 524338.001301;
165, 110 0 524448.001301;
166, 30 128 524478.001301;
167, 120 0 524598.001301;
168, 30 128 524628.001301;
169, 120 0 524748.001301;
170, 16735 128 541483.056406;
171, 120 0 541603.056406;
172, 50 128 541653.056406;
173, 130 0 541783.056406;
174, 60 128 541843.056406;
175, 120 0 541963.056406;
176, 80 128 542043.056406;
177, 120 0 542163.056406;
178, 4210 128 546373.056406;
179, 100 0 546473.056406;
180, 60 128 546533.056406;
181, 100 0 546633.056406;
182, 60 128 546693.056406;
183, 110 0 546803.056406;
184, 60 128 546863.056406;
185, 90 0 546953.056406;
186, 90 128 547043.056406;
187, 80 0 547123.056406;
188, 70 128 547193.056406;
189, 120 0 547313.056406;
190, 11490 128 558803.056406;
191, 50 0 558853.056406;
192, 290 128 559143.056406;
193, 120 0 559263.056406;
194, 6140 128 565403.056406;
195, 80 0 565483.056406;
196, 90 128 565573.056406;
197, 50 0 565623.056406;
198, 80 128 565703.056406;
199, 90 0 565793.056406;
200, 6000 128 571793.056406;
201, 110 0 571903.056406;
202, 60 128 571963.056406;
203, 100 0 572063.056406;
204, 12850 128 584913.056406;
205, 60 0 584973.056406;
206, 80 128 585053.056406;
207, 90 0 585143.056406;
208, 50 128 585193.056406;
209, 110 0 585303.056406;
210, 230 128 585533.056406;
211, 70 0 585603.056406;
212, 6510 128 592115.887488;
213, 150 0 592265.887488;
214, 6074 128 598337.273236;
215, 150 0 598487.273236;
216, 4539 128 603026.524725;
217, 160 0 603186.524725;
218, 4310 128 607496.524725;
219, 160 0 607656.524725;
220, 70 128 607726.524725;
221, 160 0 607886.524725;
222, 9830 128 617716.524725;
223, 130 0 617846.524725;
224, 60 128 617906.524725;
225, 140 0 618046.524725;
226, 4800 128 622846.524725;
227, 70 0 622916.524725;
228, 70 128 622986.524725;
229, 140 0 623126.524725;
230, 30 128 623156.524725;
231, 150 0 623306.524725;
232, 30 128 623336.524725;
233, 140 0 623476.524725;
234, 6460 128 629937.130847;
235, 40 0 629977.130847;
236, 97 128 630074.195619;
237, 310 0 630384.195619;
238, 4003 128 634387.305712;
239, 90 0 634477.305712;
240, 110 128 634587.305712;
241, 110 0 634697.305712;
242, 1653 128 636350.53016;
243, 140 0 636490.53016;
244, 20 128 636510.53016;
245, 130 0 636640.53016;
246, 2806 128 639447.642272;
247, 140 0 639587.642272;
248, 50 128 639637.642272;
249, 140 0 639777.642272;
250, 30 128 639807.642272;
251, 150 0 639957.642272;
252, 50 128 640007.642272;
253, 120 0 640127.642272;
254, 40 128 640167.642272;
255, 130 0 640297.642272;
256, 110 128 640407.642272;
257, 130 0 640537.642272;
258, 1556 128 642092.90821;
259, 200 0 642292.90821;
260, 250 128 642542.90821;
261, 280 0 642822.90821;
262, 7471 128 650297.332572;
263, 90 0 650387.332572;
264, 80 128 650467.332572;
265, 110 0 650577.332572;
266, 60 128 650637.332572;
267, 110 0 650747.332572;
268, 1101 128 651846.414546;
269, 132 0 651978.470592;
270, 60 128 652038.470592;
271, 130 0 652168.470592;
272, 2788 128 654956.655449;
273, 320 0 655276.655449;
274, 110 128 655386.655449;
275, 110 0 655496.655449;
276, 60 128 655556.655449;
277, 80 0 655636.655449;
278, 70 128 655706.655449;
279, 140 0 655846.655449;
280, 5562 128 661408.93065;
281, 50 0 661458.93065;
282, 140 128 661598.93065;
283, 130 0 661728.93065;
284, 1640 128 663372.097624;
285, 200 0 663572.097624;
286, 20 128 663592.097624;
287, 40 0 663632.097624;
288, 50 128 663682.097624;
289, 90 0 663772.097624;
290, 3183 128 666926.338936;
291, 248 0 667201.337536;
292, 4345 128 671546.605138;
293, 80 0 671626.605138;
294, 110 128 671736.605138;
295, 80 0 671816.605138;
296, 80 128 671896.605138;
297, 60 0 671956.605138;
298, 100 128 672056.605138;
299, 40 0 672096.605138;
300, 120 128 672216.605138;
301, 50 0 672266.605138;
302, 100 128 672366.605138;
303, 80 0 672446.605138;
304, 90 128 672536.605138;
305, 260 0 672796.605138;
306, 110 128 672906.605138;
307, 40 0 672946.605138;
308, 130 128 673076.605138;
309, 40 0 673116.605138;
310, 90 128 673206.605138;
311, 80 0 673286.605138;
312, 100 128 673386.605138;
313, 50 0 673436.605138;
314, 6570 128 680006.605138;
315, 80 0 680086.605138;
316, 60 128 680146.605138;
317, 100 0 680246.605138;
318, 50 128 680296.605138;
319, 120 0 680416.605138;
320, 5338 128 685755.378604;
321, 90 0 685845.378604;
322, 30 128 685875.378604;
323, 160 0 686035.378604;
324, 4793 128 690828.674038;
325, 169 0 690997.704982;
326, 30 128 691027.704982;
327, 147 0 691174.744338;
328, 1365 128 692543.824542;
329, 150 0 692693.824542;
330, 230 128 692923.824542;
331, 80 0 693003.824542;
332, 110 128 693113.824542;
333, 60 0 693173.824542;
334, 81 128 693251.86345;
335, 110 0 693361.86345;
336, 15801 128 709163.705505;
337, 140 0 709303.705505;
338, 10 128 709313.705505;
339, 70 0 709383.705505;
340, 60 128 709443.705505;
341, 120 0 709563.705505;
342, 172 128 709740.828232;
343, 164 0 709900.810041;
344, 1343 128 711243.872984;
345, 140 0 711383.872984;
346, 20 128 711403.872984;
347, 130 0 711533.872984;
348, 30 128 711563.872984;
349, 110 0 711673.872984;
350, 50 128 711723.872984;
351, 120 0 711843.872984;
352, 5767 128 717611.255637;
353, 142 0 717753.282806;
354, 60 128 717813.282806;
355, 120 0 717933.282806;
356, 1289 128 719222.379055;
357, 280 0 719502.379055;
358, 70 128 719572.379055;
359, 100 0 719672.379055;
360, 3227 128 722899.548106;
361, 190 0 723089.548106;
362, 60 128 723149.548106;
363, 110 0 723259.548106;
364, 2921 128 726187.219465;
365, 360 0 726542.219465;
366, 4739 128 731280.083291;
367, 350 0 731633.058928;
368, 10 128 731643.058928;
369, 10 0 731653.058928;
370, 1255 128 732905.140729;
371, 145 0 733050.20403;
372, 40 128 733090.20403;
373, 140 0 733230.20403;
374, 30 128 733260.20403;
375, 130 0 733390.20403;
376, 1307 128 734699.23228;
377, 73 0 734770.267405;
378, 90 128 734860.267405;
379, 100 0 734960.267405;
380, 40 128 735000.267405;
381, 160 0 735160.267405;
382, 10 128 735170.267405;
383, 120 0 735290.267405;
384, 70 128 735360.267405;
385, 110 0 735470.267405;
386, 4606 128 740076.535281;
387, 60 0 740136.535281;
388, 150 128 740286.535281;
389, 10 0 740321.565211;
390, 100 128 740396.565211;
391, 140 0 740536.565211;
392, 20 128 740556.565211;
393, 137 0 740693.614898;
394, 60 128 740753.614898;
395, 150 0 740903.614898;
396, 2920 128 743827.752729;
397, 50 0 743877.752729;
398, 100 128 743977.752729;
399, 270 0 744247.752729;
400, 2080 128 746323.934303;
401, 100 0 746423.934303;
402, 70 128 746493.934303;
403, 50 0 746543.934303;
404, 70 128 746613.934303;
405, 110 0 746723.934303;
406, 3296 128 750020.096548;
407, 127 0 750152.144218;
408, 50 128 750197.144218;
409, 130 0 750327.144218;
410, 3739 128 754066.362916;
411, 120 0 754186.362916;
412, 50 128 754236.362916;
413, 130 0 754366.362916;
414, 20 128 754386.362916;
415, 150 0 754536.362916;
416, 50 128 754586.362916;
417, 70 0 754656.362916;
418, 90 128 754746.362916;
419, 120 0 754866.362916;
420, 50 128 754916.362916;
421, 150 0 755066.362916;
422, 4939 128 760005.706657;
423, 210 0 760215.706657;
424, 1426 128 761641.775316;
425, 160 0 761801.775316;
426, 50 128 761851.775316;
427, 125 0 761976.822681;
428, 3370 128 765347.071705;
429, 190 0 765537.071705;
430, 2152 128 767689.133378;
431, 110 0 767799.133378;
432, 30 128 767829.133378;
433, 180 0 768009.133378;
434, 14948 128 782958.034707;
435, 70 0 783028.034707;
436, 100 128 783128.034707;
437, 60 0 783188.034707;
438, 90 128 783278.034707;
439, 70 0 783348.034707;
440, 110 128 783458.034707;
441, 30 0 783488.034707;
442, 90 128 783578.034707;
443, 110 0 783688.034707;
444, 40 128 783728.034707;
445, 140 0 783868.034707;
446, 40 128 783908.034707;
447, 100 0 784008.034707;
448, 10785 128 794793.708716;
449, 60 0 794853.708716;
450, 1231 128 796089.775093;
451, 69 0 796158.802781;
452, 96 128 796255.781312;
453, 131 0 796386.802716;
454, 9421 128 805803.370886;
455, 60 0 805863.370886;
456, 117 128 805873.370886;
457, 104 0 806090.380002;
458, 1221 128 807306.472479;
459, 70 0 807376.472479;
460, 4282 128 811663.701141;
461, 162 0 811825.710474;
462, 70 128 811895.71924;
463, 230 0 812125.737186;
464, 0 128 812125.737186;
465, 0 0 812125.737186;
466, 457 128 812577.763346;
467, 90 0 812667.763346;
468, 3162 128 815834.952821;
469, 53 0 815887.995626;
470, 1836 128 817723.096249;
471, 60 0 817783.096249;
472, 90 128 817873.096249;
473, 50 0 817923.096249;
474, 3528 128 821447.259071;
475, 90 0 821537.259071;
476, 1213 128 822750.322033;
477, 70 0 822820.322033;
478, 7558 128 830383.808946;
479, 0 0 830383.808946;
480, 1184 128 831562.817185;
481, 60 0 831622.817185;
482, 3570 128 835193.056504;
483, 60 0 835253.056504;
484, 187 128 835445.098961;
485, 45 0 835490.102778;
486, 3354 128 838844.310679;
487, 0 0 838844.310679;
488, 0 128 838844.310679;
489, 337 0 839182.282917;
490, 0 128 839182.282917;
491, 0 0 839182.282917;
492, 0 128 839182.282917;
493, 213 0 839395.321983;
494, 2177 128 841572.449112;
495, 0 0 841572.449112;
496, 232 128 841804.464551;
497, 0 0 841804.464551;
498, 1358 128 843162.494932;
499, 0 0 843162.494932;
500, 0 128 843162.494932;
501, 0 0 843162.494932;
502, 2479 128 845641.637906;
503, 0 0 845641.637906;
504, 0 128 845641.637906;
505, 0 0 845641.637906;
506, 0 128 845641.637906;
507, 0 0 845641.637906;
508, 0 128 845641.637906;
509, 0 0 845641.637906;
510, 1563 128 847204.770577;
511, 638 0 847842.794605;
512, 3295 128 851138.011679;
513, 116 0 851254.997437;
514, 0 128 851254.997437;
515, 224 0 851479.986124;
516, 0 128 851479.986124;
517, 0 0 851479.986124;
518, 574 128 852054.024642;
519, 0 0 852054.024642;
520, 3097 128 855151.200757;
521, 0 0 855151.200757;
522, 2901 128 858052.355442;
523, 100 0 858147.355442;
524, 90 128 858237.355442;
525, 80 0 858317.355442;
526, 3643 128 861965.624274;
527, 82 0 862047.636997;
528, 244 128 862292.63367;
529, 289 0 862581.633704;
530, 4852 128 867433.941954;
531, 85 0 867518.943886;
532, 50 128 867564.941698;
533, 50 0 867614.941698;
534, 70 128 867684.941698;
535, 116 0 867805.943767;
536, 4513 128 872319.17673;
537, 171 0 872490.213348;
538, 0 128 872490.213348;
539, 163 0 872654.200416;
540, 2080 128 874734.324696;
541, 345 0 875079.340406;
542, 0 128 875079.340406;
543, 435 0 875514.381227;
544, 0 128 875514.381227;
545, 0 0 875514.381227;
546, 1948 128 877462.496186;
547, 703 0 878165.51188;
548, 2271 128 880436.701663;
549, 0 0 880436.701663;
550, 549 128 880986.680974;
551, 0 0 880986.680974;
552, 0 128 880986.680974;
553, 0 0 880986.680974;
554, 1560 128 882546.791757;
555, 0 0 882546.791757;
556, 0 128 882546.791757;
557, 0 0 882546.791757;
558, 1886 128 884432.875383;
559, 0 0 884432.875383;
560, 0 128 884432.875383;
561, 0 0 884432.875383;
562, 0 128 884432.875383;
563, 0 0 884432.875383;
564, 0 128 884432.875383;
565, 0 0 884432.875383;
566, 2957 128 887390.10046;
567, 0 0 887390.10046;
568, 0 128 887390.10046;
569, 0 0 887390.10046;
570, 2073 128 889463.192668;
571, 0 0 889463.192668;
572, 0 128 889463.192668;
573, 0 0 889463.192668;
574, 0 128 889463.192668;
575, 0 0 889463.192668;
576, 0 128 889463.192668;
577, 0 0 889463.192668;
578, 2917 128 892380.347435;
579, 0 0 892380.347435;
580, 0 128 892380.347435;
581, 0 0 892380.347435;
582, 0 128 892380.347435;
583, 0 0 892380.347435;
584, 935 128 893315.413525;
585, 0 0 893315.413525;
586, 11745 128 905061.10421;
587, 109 0 905170.116335;
588, 119 128 905290.111061;
589, 0 0 905290.111061;
590, 5892 128 911182.469482;
591, 88 0 911271.458421;
592, 15409 128 926681.354085;
593, 0 0 926681.354085;
594, 411 128 927092.379015;
595, 0 0 927092.379015;
596, 0 128 927092.379015;
597, 0 0 927092.379015;
598, 2439 128 929531.509815;
599, 169 0 929700.537541;
600, 0 128 929700.537541;
601, 0 0 929700.537541;
602, 21912 128 951607.779236;
603, 175 0 951787.822322;
604, 110 128 951898.813701;
605, 0 0 951898.813701;
606, 95841 128 1047740.480181;
607, 76 0 1047817.339014;
608, 1414 128 1049231.443587;
609, 0 0 1049231.443587;
610, 7404 128 1056635.831232;
611, 0 0 1056635.831232;
612, 4906 128 1061510.159;
613, 81 0 1061624.146069;
614, 78 128 1061702.169505;
615, 154 0 1061857.159304;
616, 4727 128 1066584.435969;
617, 0 0 1066584.435969;
618, 4875 128 1071459.780173;
619, 0 0 1071459.780173;
620, 0 128 1071459.780173;
621, 0 0 1071459.780173;
622, 0 128 1071459.780173;
623, 0 0 1071459.780173;
624, 3428 128 1074887.952689;
625, 0 0 1074887.952689;
626, 2570 128 1077458.053218;
627, 0 0 1077458.053218;
628, 35853 128 1113311.146862;
629, 403 0 1113714.154842;
630, 5227 128 1118941.455635;
631, 0 0 1118941.455635;
632, 84693 128 1203635.352472;
633, 0 0 1203635.352472;
634, 1504 128 1205139.44378;
635, 0 0 1205139.44378;
636, 1207 128 1206346.501006;
637, 0 0 1206346.501006;
638, 1953 128 1208301.629798;
639, 0 0 1208301.629798;
640, 2272 128 1210571.739331;
641, 175 0 1210746.786514;
642, 2711 128 1213457.930868;
643, 156 0 1213613.931383;
644, 7409 128 1221018.328902;
645, 70 0 1221088.328902;
646, 108 128 1221196.37061;
647, 57 0 1221258.380674;
648, 4832 128 1226090.629262;
649, 135 0 1226225.718985;
650, 3996 128 1230222.015435;
651, 0 0 1230222.015435;
652, 15707 128 1245929.988574;
653, 0 0 1245929.988574;
654, 1876 128 1247806.911166;
655, 0 0 1247806.911166;
656, 0 128 1247806.911166;
657, 0 0 1247806.911166;
658, 8578 128 1256385.55908;
659, 0 0 1256385.55908;
660, 2847 128 1259232.585771;
661, 0 0 1259232.585771;
662, 25772 128 1285005.040659;
663, 0 0 1285005.040659;
664, 15930 128 1300935.990552;
665, 0 0 1300935.990552;
666, 0 128 1300935.990552;
667, 0 0 1300935.990552;
668, 4181 128 1305117.209939;
669, 0 0 1305117.209939;
670, 2806 128 1307923.368768;
671, 0 0 1307923.368768;
672, 1715 128 1309638.513427;
673, 0 0 1309638.513427;
674, 1672 128 1311310.581469;
675, 3479 128 1314789.787138;
676, 0 0 1314789.787138;
677, 0 128 1314789.787138;
678, 0 0 1314789.787138;
679, 1586 128 1316375.881289;
680, 0 0 1316375.881289;
681, 0 128 1316375.881289;
682, 0 0 1316375.881289;
683, 6757 128 1323133.236619;
684, 0 0 1323133.236619;
685, 1605 128 1324738.366798;
686, 1739 0 1326477.465794;
687, 6078 128 1332555.833861;
688, 0 0 1332555.833861;
689, 3682 128 1336238.047814;
690, 0 0 1336238.047814;
691, 2977 128 1339215.193485;
692, 0 0 1339215.193485;
693, 0 128 1339215.193485;
694, 0 0 1339215.193485;
695, 18078 0 1357293.273536;
696, 2179 128 1359472.3765;
697, 0 0 1359472.3765;
698, 0 128 1359472.3765;
699, 0 0 1359472.3765;
700, 11015 128 1370488.025871;
701, 0 0 1370488.025871;
702, 2668 128 1373156.146423;
703, 0 0 1373156.146423;
704, 17702 128 1390858.174579;
705, 0 0 1390858.174579;
706, 0 128 1390858.174579;
707, 0 0 1390858.174579;
708, 0 128 1390858.174579;
709, 0 0 1390858.174579;
710, 972255 128 2363113.317164;
711, 0 0 2363113.317164;
