0, 0 30207 0;
1, 10 24447 0;
2, 0 19583 0;
3, 10 14080 0;
4, 10 9472 0;
5, 0 5376 0;
6, 10 2048 0;
7, 0 128 0;
8, 130 1920 0;
9, 0 4992 0;
10, 10 14080 0;
11, 0 28287 0;
12, 0 43263 0;
13, 20 59520 0;
14, 10 65408 0;
15, 160 64128 0;
16, 0 59008 0;
17, 10 53504 0;
18, 0 47231 0;
19, 20 41343 0;
20, 0 35967 0;
21, 10 32767 0;
22, 77039 21759 0;
23, 10 2560 0;
24, 0 128 0;
25, 4550 384 0;
26, 10 5376 0;
27, 0 13056 0;
28, 10 22783 0;
29, 10 32767 0;
30, 1790 32639 0;
31, 10 32511 0;
32, 20 32383 0;
33, 40 32255 0;
34, 30 32127 0;
35, 10 31999 0;
36, 10 31871 0;
37, 50 31743 0;
38, 10 31487 0;
39, 20 31231 0;
40, 10 31103 0;
41, 10 30847 0;
42, 10 30719 0;
43, 10 30591 0;
44, 0 30463 0;
45, 10 30335 0;
46, 10 30207 0;
47, 20 30079 0;
48, 40 29951 0;
49, 10 30079 0;
50, 40 29951 0;
51, 10 29823 0;
52, 10 29695 0;
53, 10 29567 0;
54, 100 29439 0;
55, 10 29311 0;
56, 30 29183 0;
57, 30 29055 0;
58, 10 28927 0;
59, 20 28671 0;
60, 40 28543 0;
61, 0 28415 0;
62, 20 28287 0;
63, 10 28159 0;
64, 10 28031 0;
65, 10 27903 0;
66, 10 27775 0;
67, 10 27647 0;
68, 10 27519 0;
69, 10 27391 0;
70, 20 27263 0;
71, 0 27135 0;
72, 20 27007 0;
73, 10 26879 0;
74, 40 26751 0;
75, 10 26879 0;
76, 10 26751 0;
77, 70 26623 0;
78, 20 26495 0;
79, 20 26367 0;
80, 20 26239 0;
81, 10 26111 0;
82, 0 25983 0;
83, 30 25855 0;
84, 50 25727 0;
85, 10 25599 0;
86, 20 25343 0;
87, 0 25087 0;
88, 10 24831 0;
89, 10 24703 0;
90, 10 24575 0;
91, 10 24447 0;
92, 20 24319 0;
93, 10 24191 0;
94, 20 24063 0;
95, 10 23935 0;
96, 10 23807 0;
97, 10 23679 0;
98, 10 23551 0;
99, 0 23423 0;
100, 10 23295 0;
101, 10 23167 0;
102, 10 23039 0;
103, 10 22911 0;
104, 10 22783 0;
105, 0 22655 0;
106, 10 22527 0;
107, 10 22399 0;
108, 10 22271 0;
109, 10 22143 0;
110, 10 22015 0;
111, 20 21887 0;
112, 10 21759 0;
113, 10 21631 0;
114, 10 21503 0;
115, 10 21375 0;
116, 0 21247 0;
117, 10 21119 0;
118, 20 20991 0;
119, 0 20863 0;
120, 30 20735 0;
121, 10 20607 0;
122, 10 20479 0;
123, 10 20223 0;
124, 10 20095 0;
125, 10 19967 0;
126, 10 19839 0;
127, 20 19711 0;
128, 10 19583 0;
129, 10 19455 0;
130, 10 19327 0;
131, 20 19199 0;
132, 10 19071 0;
133, 0 18815 0;
134, 20 18431 0;
135, 0 18175 0;
136, 10 17791 0;
137, 0 17663 0;
138, 10 17535 0;
139, 10 17279 0;
140, 10 17023 0;
141, 0 16895 0;
142, 10 16767 0;
143, 10 16639 0;
144, 0 16384 0;
145, 10 16128 0;
146, 20 15872 0;
147, 0 15744 0;
148, 30 15616 0;
149, 0 15488 0;
150, 20 15360 0;
151, 10 15232 0;
152, 10 15104 0;
153, 0 14976 0;
154, 10 14848 0;
155, 20 14592 0;
156, 0 14464 0;
157, 10 14336 0;
158, 10 14208 0;
159, 0 14080 0;
160, 10 13952 0;
161, 0 13824 0;
162, 10 13696 0;
163, 10 13568 0;
164, 10 13440 0;
165, 40 13312 0;
166, 30 13184 0;
167, 10 13056 0;
168, 20 12928 0;
169, 10 12800 0;
170, 20 12672 0;
171, 10 12544 0;
172, 10 12416 0;
173, 0 12288 0;
174, 20 12160 0;
175, 0 12032 0;
176, 20 11904 0;
177, 0 11776 0;
178, 10 11520 0;
179, 10 11264 0;
180, 10 11136 0;
181, 10 10880 0;
182, 10 10752 0;
183, 10 10624 0;
184, 10 10496 0;
185, 10 10368 0;
186, 0 10240 0;
187, 10 10112 0;
188, 10 9984 0;
189, 0 9856 0;
190, 20 9728 0;
191, 0 9600 0;
192, 10 9472 0;
193, 10 9344 0;
194, 0 9216 0;
195, 20 8832 0;
196, 0 8704 0;
197, 10 8448 0;
198, 10 8192 0;
199, 10 8064 0;
200, 0 7936 0;
201, 10 7680 0;
202, 10 7552 0;
203, 10 7424 0;
204, 0 7296 0;
205, 10 7168 0;
206, 10 7040 0;
207, 0 6912 0;
208, 0 6784 0;
209, 20 6656 0;
210, 10 6528 0;
211, 10 6400 0;
212, 0 6272 0;
213, 20 6144 0;
214, 0 6016 0;
215, 10 5888 0;
216, 10 5632 0;
217, 10 5504 0;
218, 0 5376 0;
219, 20 5248 0;
220, 10 5120 0;
221, 0 4864 0;
222, 10 4480 0;
223, 10 4224 0;
224, 0 3968 0;
225, 10 3712 0;
226, 10 3584 0;
227, 0 3328 0;
228, 10 3072 0;
229, 10 2816 0;
230, 0 2560 0;
231, 10 2304 0;
232, 10 2048 0;
233, 10 1920 0;
234, 0 1792 0;
235, 10 1536 0;
236, 10 1408 0;
237, 0 1024 0;
238, 10 384 0;
239, 10 128 0;
240, 450 640 0;
241, 10 1920 0;
242, 0 2944 0;
243, 10 3968 0;
244, 0 5120 0;
245, 10 5888 0;
246, 10 6528 0;
247, 0 7040 0;
248, 10 7680 0;
249, 10 8448 0;
250, 10 9344 0;
251, 0 10240 0;
252, 10 11136 0;
253, 10 11776 0;
254, 10 12800 0;
255, 10 13824 0;
256, 0 15104 0;
257, 10 16639 0;
258, 0 18943 0;
259, 10 20863 0;
260, 10 22015 0;
261, 0 23039 0;
262, 10 24063 0;
263, 10 25215 0;
264, 10 25983 0;
265, 0 26751 0;
266, 10 27519 0;
267, 10 28671 0;
268, 0 30079 0;
269, 10 30975 0;
270, 10 32127 0;
271, 0 32767 0;
272, 2760 34815 0;
273, 0 60416 0;
274, 10 65408 0;
275, 5900 52224 0;
276, 10 32767 0;
277, 1680 35711 0;
278, 10 43647 0;
279, 10 53504 0;
280, 0 54912 0;
281, 10 45055 0;
282, 10 35967 0;
283, 10 32767 0;
284, 240 33791 0;
285, 10 45183 0;
286, 0 50048 0;
287, 10 40319 0;
288, 10 32767 0;
289, 610 34047 0;
290, 10 40447 0;
291, 0 48383 0;
292, 10 52352 0;
293, 0 45439 0;
294, 10 37631 0;
295, 10 32767 0;
296, 550 40447 0;
297, 0 61056 0;
298, 10 65408 0;
299, 30 59776 0;
300, 0 45183 0;
301, 20 32767 0;
302, 570 26751 0;
303, 10 20351 0;
304, 10 13440 0;
305, 0 10368 0;
306, 10 9472 0;
307, 10 15488 0;
308, 0 22399 0;
309, 20 29567 0;
310, 0 32767 0;
311, 17220 27903 0;
312, 0 21119 0;
313, 10 12160 0;
314, 10 2816 0;
315, 0 128 0;
316, 430 6784 0;
317, 10 17407 0;
318, 10 29951 0;
319, 0 32767 0;
320, 220 37119 0;
321, 10 47871 0;
322, 0 61440 0;
323, 10 65408 0;
324, 270 59520 0;
325, 0 50688 0;
326, 10 40063 0;
327, 10 32767 0;
328, 210 27647 0;
329, 10 20735 0;
330, 0 11264 0;
331, 10 2048 0;
332, 10 128 0;
333, 200 1664 0;
334, 10 5248 0;
335, 10 10496 0;
336, 0 16384 0;
337, 10 22271 0;
338, 10 27391 0;
339, 0 32767 0;
340, 70 41087 0;
341, 10 53504 0;
342, 10 62976 0;
343, 10 65408 0;
344, 170 61312 0;
345, 10 55296 0;
346, 0 48639 0;
347, 10 41727 0;
348, 10 36735 0;
349, 0 30463 0;
350, 10 25087 0;
351, 10 19455 0;
352, 10 13056 0;
353, 0 7552 0;
354, 10 3456 0;
355, 0 1920 0;
356, 20 1280 0;
357, 0 128 0;
358, 110 1536 0;
359, 0 3840 0;
360, 10 7936 0;
361, 10 13440 0;
362, 10 19583 0;
363, 0 24447 0;
364, 10 29311 0;
365, 0 32767 0;
366, 1430 35583 0;
367, 10 45055 0;
368, 0 32767 0;
369, 4020 29183 0;
370, 10 34175 0;
371, 0 40575 0;
372, 10 42751 0;
373, 10 38399 0;
374, 10 33151 0;
375, 0 32767 0;
376, 7070 28927 0;
377, 0 23423 0;
378, 10 16639 0;
379, 10 9472 0;
380, 0 2816 0;
381, 10 128 0;
382, 150 256 0;
383, 0 4224 0;
384, 10 9984 0;
385, 10 16000 0;
386, 0 23807 0;
387, 10 31871 0;
388, 10 32767 0;
389, 20 33151 0;
390, 10 40063 0;
391, 10 50816 0;
392, 0 62720 0;
393, 10 65408 0;
394, 110 58496 0;
395, 0 51328 0;
396, 10 43135 0;
397, 10 28543 0;
398, 10 17407 0;
399, 0 7552 0;
400, 10 128 0;
401, 50 1280 0;
402, 10 4480 0;
403, 10 9856 0;
404, 0 15744 0;
405, 10 22015 0;
406, 10 29183 0;
407, 10 33407 0;
408, 0 41343 0;
409, 0 50944 0;
410, 20 60288 0;
411, 0 65408 0;
412, 80 60928 0;
413, 10 51840 0;
414, 0 41215 0;
415, 10 30463 0;
416, 10 17791 0;
417, 10 8960 0;
418, 0 3456 0;
419, 10 2944 0;
420, 10 2688 0;
421, 20 3200 0;
422, 10 5376 0;
423, 10 8448 0;
424, 0 12288 0;
425, 10 16128 0;
426, 10 20607 0;
427, 10 27263 0;
428, 0 36863 0;
429, 10 46847 0;
430, 10 54400 0;
431, 0 61184 0;
432, 10 65408 0;
433, 40 64512 0;
434, 0 60544 0;
435, 10 56448 0;
436, 10 51840 0;
437, 0 46335 0;
438, 10 37759 0;
439, 10 29439 0;
440, 0 22527 0;
441, 10 15872 0;
442, 10 9984 0;
443, 0 3200 0;
444, 10 2816 0;
445, 20 3072 0;
446, 0 3456 0;
447, 10 5120 0;
448, 10 7040 0;
449, 10 9600 0;
450, 0 12288 0;
451, 10 15488 0;
452, 10 19711 0;
453, 0 23423 0;
454, 10 27519 0;
455, 10 32767 0;
456, 220 28415 0;
457, 0 21375 0;
458, 10 13824 0;
459, 0 6784 0;
460, 10 2048 0;
461, 10 384 0;
462, 10 128 0;
463, 60 1664 0;
464, 10 5120 0;
465, 0 10368 0;
466, 10 17151 0;
467, 10 25471 0;
468, 10 38911 0;
469, 0 48511 0;
470, 10 60544 0;
471, 10 65408 0;
472, 80 61952 0;
473, 10 55680 0;
474, 0 48639 0;
475, 10 35199 0;
476, 10 20735 0;
477, 10 8576 0;
478, 0 128 0;
479, 50 896 0;
480, 10 3200 0;
481, 0 7168 0;
482, 10 12160 0;
483, 10 17791 0;
484, 10 23807 0;
485, 0 35455 0;
486, 10 49792 0;
487, 10 60160 0;
488, 10 65408 0;
489, 60 63232 0;
490, 10 58240 0;
491, 10 46847 0;
492, 0 34687 0;
493, 10 22527 0;
494, 10 12416 0;
495, 0 12032 0;
496, 30 12416 0;
497, 0 15104 0;
498, 10 19583 0;
499, 10 23039 0;
500, 10 26623 0;
501, 10 30335 0;
502, 0 32767 0;
503, 10 38399 0;
504, 0 46079 0;
505, 10 54528 0;
506, 10 61952 0;
507, 0 65408 0;
508, 20 65280 0;
509, 0 63616 0;
510, 10 62464 0;
511, 10 60928 0;
512, 10 60160 0;
513, 0 59648 0;
514, 20 59264 0;
515, 0 53376 0;
516, 10 47231 0;
517, 10 40447 0;
518, 10 35455 0;
519, 0 31231 0;
520, 10 32255 0;
521, 10 32767 0;
522, 90 33663 0;
523, 10 36991 0;
524, 0 39551 0;
525, 10 41343 0;
526, 10 42751 0;
527, 0 42879 0;
528, 20 42239 0;
529, 10 39807 0;
530, 10 34943 0;
531, 0 32767 0;
532, 57408 37247 0;
533, 10 43263 0;
534, 10 51968 0;
535, 0 56192 0;
536, 10 59648 0;
537, 10 63104 0;
538, 0 65408 0;
539, 810 65280 0;
540, 10 64000 0;
541, 0 62976 0;
542, 10 61952 0;
543, 10 60928 0;
544, 10 59648 0;
545, 0 58880 0;
546, 0 56832 0;
547, 20 54272 0;
548, 10 51840 0;
549, 0 47103 0;
550, 0 41599 0;
551, 20 35711 0;
552, 0 32767 0;
553, 420 33407 0;
554, 0 37759 0;
555, 10 41983 0;
556, 0 47359 0;
557, 10 53888 0;
558, 10 60032 0;
559, 10 65280 0;
560, 0 65408 0;
561, 540 65280 0;
562, 0 58752 0;
563, 10 51840 0;
564, 10 43007 0;
565, 10 37503 0;
566, 0 32767 0;
567, 390 36735 0;
568, 0 43775 0;
569, 10 53760 0;
570, 10 62464 0;
571, 10 65408 0;
572, 390 60672 0;
573, 10 52224 0;
574, 0 41599 0;
575, 10 33407 0;
576, 10 32767 0;
577, 600 33279 0;
578, 10 33791 0;
579, 0 35199 0;
580, 10 36863 0;
581, 10 37759 0;
582, 0 38911 0;
583, 10 39423 0;
584, 0 39679 0;
585, 20 39935 0;
586, 20 40063 0;
587, 10 40191 0;
588, 20 40319 0;
589, 10 40447 0;
590, 10 40575 0;
591, 10 40703 0;
592, 10 40831 0;
593, 0 40959 0;
594, 10 41343 0;
595, 10 41471 0;
596, 10 41855 0;
597, 0 42367 0;
598, 10 42751 0;
599, 10 43007 0;
600, 0 43519 0;
601, 10 44415 0;
602, 10 45439 0;
603, 10 46079 0;
604, 0 46207 0;
605, 10 47359 0;
606, 10 48767 0;
607, 0 49920 0;
608, 10 50304 0;
609, 0 50560 0;
610, 10 50944 0;
611, 10 51200 0;
612, 10 51840 0;
613, 0 52096 0;
614, 10 52352 0;
615, 10 52864 0;
616, 10 53120 0;
617, 0 53376 0;
618, 0 53760 0;
619, 20 54016 0;
620, 10 54144 0;
621, 0 54272 0;
622, 20 54400 0;
623, 20 54528 0;
624, 0 54656 0;
625, 20 54784 0;
626, 20 54912 0;
627, 20 55040 0;
628, 60 55168 0;
629, 10 55296 0;
630, 10 56320 0;
631, 0 57216 0;
632, 10 58112 0;
633, 10 58624 0;
634, 0 59136 0;
635, 10 59648 0;
636, 10 59904 0;
637, 0 60160 0;
638, 10 60288 0;
639, 40 60416 0;
640, 70 60288 0;
641, 20 60416 0;
642, 10 60288 0;
643, 20 60160 0;
644, 0 60032 0;
645, 10 59904 0;
646, 10 59776 0;
647, 10 59648 0;
648, 20 59520 0;
649, 20 59392 0;
650, 130 59264 0;
651, 20 59136 0;
652, 50 59008 0;
653, 10 59136 0;
654, 10 58880 0;
655, 10 58496 0;
656, 10 58240 0;
657, 0 57856 0;
658, 10 57728 0;
659, 10 57600 0;
660, 0 57216 0;
661, 10 56576 0;
662, 10 56064 0;
663, 0 55680 0;
664, 10 55168 0;
665, 10 54912 0;
666, 0 54400 0;
667, 10 53888 0;
668, 10 53376 0;
669, 10 52736 0;
670, 0 51840 0;
671, 10 50688 0;
672, 10 49023 0;
673, 0 47103 0;
674, 10 46079 0;
675, 10 44287 0;
676, 10 42751 0;
677, 0 42111 0;
678, 0 41599 0;
679, 20 41343 0;
680, 0 40959 0;
681, 10 40447 0;
682, 0 39935 0;
683, 0 39295 0;
684, 20 39039 0;
685, 10 38527 0;
686, 10 37759 0;
687, 0 37247 0;
688, 10 36607 0;
689, 10 35327 0;
690, 10 34175 0;
691, 0 33535 0;
692, 10 33151 0;
693, 10 32767 0;
694, 410 33535 0;
695, 10 34815 0;
696, 0 36735 0;
697, 10 37887 0;
698, 10 39295 0;
699, 0 40447 0;
700, 10 41471 0;
701, 0 43007 0;
702, 10 45823 0;
703, 10 48511 0;
704, 10 51328 0;
705, 10 53888 0;
706, 0 56704 0;
707, 10 59904 0;
708, 10 61952 0;
709, 0 64256 0;
710, 10 65408 0;
711, 50 64384 0;
712, 10 60800 0;
713, 0 57856 0;
714, 10 54272 0;
715, 10 51200 0;
716, 0 46463 0;
717, 10 41855 0;
718, 10 38015 0;
719, 10 32767 0;
720, 180 33535 0;
721, 10 36735 0;
722, 0 39679 0;
723, 10 41855 0;
724, 10 45055 0;
725, 0 47871 0;
726, 10 51072 0;
727, 0 52480 0;
728, 10 53248 0;
729, 10 53376 0;
730, 20 52736 0;
731, 20 50816 0;
732, 0 46847 0;
733, 10 43007 0;
734, 0 40703 0;
735, 20 38271 0;
736, 0 34303 0;
737, 10 32767 0;
738, 50 33535 0;
739, 10 37631 0;
740, 10 41343 0;
741, 0 45055 0;
742, 10 50048 0;
743, 10 53760 0;
744, 10 57856 0;
745, 10 61056 0;
746, 0 62720 0;
747, 0 64000 0;
748, 20 64512 0;
749, 10 64384 0;
750, 0 63872 0;
751, 10 61312 0;
752, 10 57856 0;
753, 10 53376 0;
754, 0 50048 0;
755, 10 45567 0;
756, 10 41471 0;
757, 0 37887 0;
758, 10 33407 0;
759, 10 32767 0;
760, 40 36607 0;
761, 10 40447 0;
762, 10 44415 0;
763, 0 50432 0;
764, 10 55040 0;
765, 0 60672 0;
766, 10 64384 0;
767, 10 65408 0;
768, 40 64640 0;
769, 10 60160 0;
770, 10 56960 0;
771, 0 53248 0;
772, 10 49920 0;
773, 10 44927 0;
774, 0 40447 0;
775, 10 35583 0;
776, 10 32767 0;
777, 70 33151 0;
778, 0 33407 0;
779, 20 33279 0;
780, 10 33151 0;
781, 0 32767 0;
782, 560 30591 0;
783, 10 26367 0;
784, 0 22527 0;
785, 10 18303 0;
786, 10 13184 0;
787, 0 7296 0;
788, 10 1664 0;
789, 10 128 0;
790, 140 768 0;
791, 0 6912 0;
792, 10 15872 0;
793, 10 25599 0;
794, 0 32767 0;
795, 140 37887 0;
796, 10 46975 0;
797, 10 58880 0;
798, 10 65408 0;
799, 80 65152 0;
800, 10 59904 0;
801, 0 53760 0;
802, 10 45951 0;
803, 10 38015 0;
804, 0 32767 0;
805, 30 32255 0;
806, 10 26367 0;
807, 10 19711 0;
808, 10 11264 0;
809, 0 4864 0;
810, 10 128 0;
811, 30 3072 0;
812, 0 9216 0;
813, 10 17023 0;
814, 0 25855 0;
815, 10 32767 0;
816, 22279 33279 0;
817, 0 46591 0;
818, 10 65408 0;
819, 1050 61312 0;
820, 10 53504 0;
821, 10 44287 0;
822, 0 35839 0;
823, 10 32767 0;
824, 284035 35967 88248.001301;
825, 10 40959 88258.001301;
826, 0 47103 88258.001301;
827, 10 54656 88268.001301;
828, 10 60160 88278.001301;
829, 0 60928 88278.001301;
830, 10 61440 88288.001301;
831, 10 61952 88298.001301;
832, 0 62464 88298.001301;
833, 10 62848 88308.001301;
834, 10 63360 88318.001301;
835, 0 63744 88318.001301;
836, 10 64640 88328.001301;
837, 10 64768 88338.001301;
838, 10 64896 88348.001301;
839, 0 65024 88348.001301;
840, 10 65152 88358.001301;
841, 10 65280 88368.001301;
842, 50 65408 88418.001301;
843, 10 65280 88428.001301;
844, 10 65024 88438.001301;
845, 10 63616 88448.001301;
846, 10 60032 88458.001301;
847, 0 55168 88458.001301;
848, 10 49792 88468.001301;
849, 10 42239 88478.001301;
850, 10 37375 88488.001301;
851, 0 32767 88488.001301;
852, 1540 30847 90028.001301;
853, 10 26879 90038.001301;
854, 0 23167 90038.001301;
855, 10 19327 90048.001301;
856, 10 14848 90058.001301;
857, 0 11392 90058.001301;
858, 10 8192 90068.001301;
859, 10 5888 90078.001301;
860, 10 3200 90088.001301;
861, 0 1408 90088.001301;
862, 10 128 90098.001301;
863, 200 1536 90298.001301;
864, 10 5504 90308.001301;
865, 0 11520 90308.001301;
866, 10 18943 90318.001301;
867, 10 25727 90328.001301;
868, 0 32255 90328.001301;
869, 10 32767 90338.001301;
870, 109370 34047 199708.001301;
871, 10 36991 199718.001301;
872, 0 39295 199718.001301;
873, 10 41599 199728.001301;
874, 10 43775 199738.001301;
875, 0 46847 199738.001301;
876, 10 50816 199748.001301;
877, 10 53376 199758.001301;
878, 10 56064 199768.001301;
879, 0 58624 199768.001301;
880, 10 60544 199778.001301;
881, 10 61568 199788.001301;
882, 0 62720 199788.001301;
883, 10 63872 199798.001301;
884, 0 65024 199798.001301;
885, 10 65408 199808.001301;
886, 340 65024 200148.001301;
887, 0 62208 200148.001301;
888, 10 59520 200158.001301;
889, 10 56320 200168.001301;
890, 0 52352 200168.001301;
891, 10 46463 200178.001301;
892, 0 41471 200178.001301;
893, 10 37119 200188.001301;
894, 10 32767 200198.001301;
895, 12710 35455 212908.001301;
896, 10 39295 212918.001301;
897, 10 42623 212928.001301;
898, 0 46207 212928.001301;
899, 10 51584 212938.001301;
900, 10 54912 212948.001301;
901, 10 59136 212958.001301;
902, 0 62208 212958.001301;
903, 10 65024 212968.001301;
904, 10 65408 212978.001301;
905, 150 62336 213128.001301;
906, 10 58624 213138.001301;
907, 10 54912 213148.001301;
908, 0 50816 213148.001301;
909, 10 46847 213158.001301;
910, 0 43263 213158.001301;
911, 10 39807 213168.001301;
912, 10 36479 213178.001301;
913, 10 34559 213188.001301;
914, 0 32767 213188.001301;
915, 140 35839 213328.001301;
916, 10 44159 213338.001301;
917, 10 55040 213348.001301;
918, 10 65408 213358.001301;
919, 420 59136 213778.001301;
920, 10 51968 213788.001301;
921, 10 43903 213798.001301;
922, 0 36351 213798.001301;
923, 10 32767 213808.001301;
924, 240 40575 214048.001301;
925, 10 50432 214058.001301;
926, 10 59392 214068.001301;
927, 0 65408 214068.001301;
928, 380 61824 214448.001301;
929, 10 56704 214458.001301;
930, 10 50816 214468.001301;
931, 0 42879 214468.001301;
932, 10 36991 214478.001301;
933, 10 32767 214488.001301;
934, 8870 33023 223358.001301;
935, 0 36351 223358.001301;
936, 10 39935 223368.001301;
937, 10 42879 223378.001301;
938, 0 46719 223378.001301;
939, 10 51840 223388.001301;
940, 10 55040 223398.001301;
941, 0 58240 223398.001301;
942, 10 60544 223408.001301;
943, 10 62336 223418.001301;
944, 0 64512 223418.001301;
945, 10 65408 223428.001301;
946, 770 65152 224198.001301;
947, 0 63872 224198.001301;
948, 10 62464 224208.001301;
949, 10 61568 224218.001301;
950, 0 60800 224218.001301;
951, 10 59904 224228.001301;
952, 10 59392 224238.001301;
953, 0 59008 224238.001301;
954, 10 58496 224248.001301;
955, 10 58112 224258.001301;
956, 0 57984 224258.001301;
957, 10 57856 224268.001301;
958, 20 57984 224288.001301;
959, 0 57856 224288.001301;
960, 10 58112 224298.001301;
961, 20 58240 224318.001301;
962, 0 58368 224318.001301;
963, 10 58496 224328.001301;
964, 30 58624 224358.001301;
965, 40 58496 224398.001301;
966, 10 58112 224408.001301;
967, 0 56448 224408.001301;
968, 10 54272 224418.001301;
969, 10 51712 224428.001301;
970, 10 47231 224438.001301;
971, 0 42623 224438.001301;
972, 10 39295 224448.001301;
973, 10 34815 224458.001301;
974, 0 32767 224458.001301;
975, 5870 27391 230328.001301;
976, 0 16384 230328.001301;
977, 10 6912 230338.001301;
978, 10 128 230348.001301;
979, 100 6400 230448.001301;
980, 0 16639 230448.001301;
981, 10 29951 230458.001301;
982, 0 32767 230458.001301;
983, 460 32255 230918.001301;
984, 10 22143 230928.001301;
985, 10 11392 230938.001301;
986, 0 2560 230938.001301;
987, 10 128 230948.001301;
988, 120 3840 231068.001301;
989, 10 10880 231078.001301;
990, 10 19455 231088.001301;
991, 0 26879 231088.001301;
992, 10 32767 231098.001301;
993, 290 30719 231388.001301;
994, 10 26879 231398.001301;
995, 10 23039 231408.001301;
996, 0 18431 231408.001301;
997, 10 13312 231418.001301;
998, 0 9216 231418.001301;
999, 10 6016 231428.001301;
1000, 10 3072 231438.001301;
1001, 10 1536 231448.001301;
1002, 0 128 231448.001301;
1003, 250 3072 231698.001301;
1004, 10 9472 231708.001301;
1005, 0 16767 231708.001301;
1006, 10 24063 231718.001301;
1007, 10 30591 231728.001301;
1008, 10 32767 231738.001301;
1009, 70 28799 231808.001301;
1010, 10 21759 231818.001301;
1011, 10 12800 231828.001301;
1012, 0 3456 231828.001301;
1013, 10 128 231838.001301;
1014, 130 3200 231968.001301;
1015, 0 10880 231968.001301;
1016, 10 19711 231978.001301;
1017, 10 27391 231988.001301;
1018, 0 32767 231988.001301;
1019, 110 33151 232098.001301;
1020, 10 37631 232108.001301;
1021, 0 41599 232108.001301;
1022, 10 46207 232118.001301;
1023, 10 52352 232128.001301;
1024, 0 57856 232128.001301;
1025, 10 62208 232138.001301;
1026, 10 65408 232148.001301;
1027, 420 60288 232568.001301;
1028, 10 54400 232578.001301;
1029, 10 47487 232588.001301;
1030, 0 41215 232588.001301;
1031, 10 35327 232598.001301;
1032, 0 32767 232598.001301;
1033, 11430 35199 244028.001301;
1034, 10 39167 244038.001301;
1035, 0 42495 244038.001301;
1036, 10 46207 244048.001301;
1037, 10 51840 244058.001301;
1038, 0 55168 244058.001301;
1039, 10 59648 244068.001301;
1040, 10 62720 244078.001301;
1041, 0 65280 244078.001301;
1042, 10 65408 244088.001301;
1043, 490 63616 244578.001301;
1044, 0 59904 244578.001301;
1045, 10 56448 244588.001301;
1046, 10 52864 244598.001301;
1047, 0 48127 244598.001301;
1048, 10 43519 244608.001301;
1049, 10 40575 244618.001301;
1050, 0 37247 244618.001301;
1051, 10 33151 244628.001301;
1052, 10 32767 244638.001301;
1053, 520 33791 245158.001301;
1054, 10 38783 245168.001301;
1055, 10 42495 245178.001301;
1056, 0 47359 245178.001301;
1057, 10 52864 245188.001301;
1058, 10 57472 245198.001301;
1059, 0 61312 245198.001301;
1060, 10 65408 245208.001301;
1061, 2210 65280 247418.001301;
1062, 10 63872 247428.001301;
1063, 10 62976 247438.001301;
1064, 20 63104 247458.001301;
1065, 0 63232 247458.001301;
1066, 10 63360 247468.001301;
1067, 10 63616 247478.001301;
1068, 0 63744 247478.001301;
1069, 10 64640 247488.001301;
1070, 10 65280 247498.001301;
1071, 10 65408 247508.001301;
1072, 3950 63744 251458.001301;
1073, 10 60800 251468.001301;
1074, 10 57984 251478.001301;
1075, 0 54272 251478.001301;
1076, 10 50944 251488.001301;
1077, 10 46079 251498.001301;
1078, 0 41343 251498.001301;
1079, 10 37375 251508.001301;
1080, 10 32767 251518.001301;
1081, 161240 38783 412758.001301;
1082, 10 45695 412768.001301;
1083, 0 54784 412768.001301;
1084, 10 63360 412778.001301;
1085, 10 65408 412788.001301;
1086, 70 63744 412858.001301;
1087, 10 56320 412868.001301;
1088, 10 51456 412878.001301;
1089, 10 46975 412888.001301;
1090, 0 41855 412888.001301;
1091, 10 40575 412898.001301;
1092, 10 34559 412908.001301;
1093, 0 32767 412908.001301;
1094, 26220 30975 439128.001301;
1095, 10 27903 439138.001301;
1096, 10 25471 439148.001301;
1097, 10 22015 439158.001301;
1098, 0 19327 439158.001301;
1099, 10 16000 439168.001301;
1100, 10 13824 439178.001301;
1101, 0 11776 439178.001301;
1102, 10 10368 439188.001301;
1103, 10 9088 439198.001301;
1104, 10 7936 439208.001301;
1105, 0 7424 439208.001301;
1106, 10 7296 439218.001301;
1107, 30 7552 439248.001301;
1108, 0 8704 439248.001301;
1109, 10 10496 439258.001301;
1110, 10 12160 439268.001301;
1111, 0 14464 439268.001301;
1112, 10 17023 439278.001301;
1113, 10 20479 439288.001301;
1114, 10 23807 439298.001301;
1115, 0 27391 439298.001301;
1116, 10 31743 439308.001301;
1117, 10 32767 439318.001301;
1118, 660 30591 439978.001301;
1119, 10 26751 439988.001301;
1120, 10 22911 439998.001301;
1121, 0 19711 439998.001301;
1122, 10 16128 440008.001301;
1123, 10 13184 440018.001301;
1124, 10 10368 440028.001301;
1125, 0 7808 440028.001301;
1126, 10 6144 440038.001301;
1127, 0 3968 440038.001301;
1128, 10 2816 440048.001301;
1129, 10 1792 440058.001301;
1130, 10 512 440068.001301;
1131, 0 128 440068.001301;
1132, 100 1664 440168.001301;
1133, 10 3584 440178.001301;
1134, 10 6784 440188.001301;
1135, 0 10880 440188.001301;
1136, 10 15232 440198.001301;
1137, 10 20607 440208.001301;
1138, 0 25471 440208.001301;
1139, 10 30079 440218.001301;
1140, 10 32767 440228.001301;
1141, 279134 31615 719362.379055;
1142, 0 28287 719362.379055;
1143, 10 25087 719372.379055;
1144, 10 21631 719382.379055;
1145, 0 19583 719382.379055;
1146, 10 19199 719392.379055;
1147, 20 19327 719412.379055;
1148, 10 20479 719422.379055;
1149, 0 23423 719422.379055;
1150, 10 27647 719432.379055;
1151, 10 32767 719442.379055;
1152, 11897 32383 731340.083291;
1153, 10 28927 731350.083291;
1154, 10 25471 731360.083291;
1155, 0 19839 731360.083291;
1156, 10 13696 731370.083291;
1157, 10 11008 731380.083291;
1158, 0 11136 731380.083291;
1159, 20 11520 731400.083291;
1160, 10 12544 731410.083291;
1161, 0 14720 731410.083291;
1162, 10 17791 731420.083291;
1163, 10 21887 731430.083291;
1164, 0 26879 731430.083291;
1165, 10 32767 731440.083291;
1166, 62122 28031 793562.667147;
1167, 0 22271 793562.667147;
1168, 10 16000 793572.667147;
1169, 0 10496 793572.667147;
1170, 10 5760 793582.667147;
1171, 0 2560 793582.667147;
1172, 0 384 793582.667147;
1173, 10 128 793592.667147;
1174, 76 2176 793669.643075;
1175, 10 4992 793679.643075;
1176, 0 8576 793679.643075;
1177, 10 13568 793689.643075;
1178, 10 19839 793699.643075;
1179, 0 25727 793699.643075;
1180, 10 31487 793709.643075;
1181, 0 32767 793709.643075;
1182, 3675 30335 797389.898317;
1183, 0 22911 797389.898317;
1184, 0 16000 797389.898317;
1185, 38 10752 797427.916038;
1186, 0 5888 797427.916038;
1187, 0 1920 797427.916038;
1188, 0 128 797427.916038;
1189, 106 1536 797534.897612;
1190, 0 4224 797534.897612;
1191, 0 8448 797534.897612;
1192, 0 13568 797534.897612;
1193, 0 19967 797534.897612;
1194, 0 25727 797534.897612;
1195, 0 31871 797534.897612;
1196, 47 32767 797581.897782;
1197, 8856 25343 806438.397841;
1198, 0 15104 806438.397841;
1199, 0 5888 806438.397841;
1200, 0 3200 806438.397841;
1201, 170 2560 806608.422984;
1202, 0 1408 806608.422984;
1203, 0 128 806608.422984;
1204, 0 2304 806608.422984;
1205, 0 6656 806608.422984;
1206, 0 12544 806608.422984;
1207, 0 19839 806608.422984;
1208, 0 25983 806608.422984;
1209, 0 32511 806608.422984;
1210, 0 32767 806608.422984;
1211, 2577 31231 809185.59662;
1212, 0 23167 809185.59662;
1213, 0 15104 809185.59662;
1214, 62 8064 809247.586537;
1215, 0 2304 809247.586537;
1216, 0 128 809247.586537;
1217, 112 640 809359.622828;
1218, 48 3584 809408.573755;
1219, 0 7424 809408.573755;
1220, 0 12032 809408.573755;
1221, 0 16895 809408.573755;
1222, 0 21631 809408.573755;
1223, 0 25983 809408.573755;
1224, 0 30463 809408.573755;
1225, 72 32767 809480.592553;
1226, 5787 32511 815267.929276;
1227, 0 24703 815267.929276;
1228, 0 14464 815267.929276;
1229, 0 7296 815267.929276;
1230, 0 2944 815267.929276;
1231, 0 128 815267.929276;
1232, 86 1664 815354.921861;
1233, 0 5248 815354.921861;
1234, 0 10496 815354.921861;
1235, 0 16639 815354.921861;
1236, 63 23295 815417.96049;
1237, 0 29695 815417.96049;
1238, 0 32767 815417.96049;
1239, 1201 28159 816613.981518;
1240, 10 20351 816623.981518;
1241, 10 11520 816633.981518;
1242, 10 3840 816643.981518;
1243, 0 128 816643.981518;
1244, 40 768 816683.981518;
1245, 0 4480 816683.981518;
1246, 0 10240 816683.981518;
1247, 99 16767 816788.003947;
1248, 0 24191 816788.003947;
1249, 0 31871 816788.003947;
1250, 0 32767 816788.003947;
1251, 514 27135 817297.050772;
1252, 0 16128 817297.050772;
1253, 10 3584 817307.050772;
1254, 0 128 817307.050772;
1255, 119 4480 817432.031094;
1256, 0 11904 817432.031094;
1257, 0 21119 817432.031094;
1258, 53 30463 817485.087197;
1259, 0 32767 817485.087197;
1260, 1431 30079 818916.130373;
1261, 0 23807 818916.130373;
1262, 0 16511 818916.130373;
1263, 0 8192 818916.130373;
1264, 63 1664 818979.134045;
1265, 0 128 818979.134045;
1266, 85 256 819065.116295;
1267, 0 3712 819065.116295;
1268, 0 8960 819065.116295;
1269, 0 15360 819065.116295;
1270, 0 22399 819065.116295;
1271, 0 29439 819065.116295;
1272, 0 32767 819065.116295;
1273, 412 32511 819473.123827;
1274, 20 25343 819493.123827;
1275, 10 16639 819503.123827;
1276, 10 8064 819513.123827;
1277, 0 2048 819513.123827;
1278, 0 128 819513.123827;
1279, 30 2304 819543.123827;
1280, 0 5376 819543.123827;
1281, 0 9216 819543.123827;
1282, 0 13184 819543.123827;
1283, 0 17663 819543.123827;
1284, 0 22655 819543.123827;
1285, 132 27391 819680.155665;
1286, 0 32767 819680.155665;
1287, 918 24703 820593.217322;
1288, 10 13568 820603.217322;
1289, 0 2944 820603.217322;
1290, 10 128 820613.217322;
1291, 90 1664 820703.217322;
1292, 10 5248 820713.217322;
1293, 0 10240 820713.217322;
1294, 10 16000 820723.217322;
1295, 0 23039 820723.217322;
1296, 0 30463 820723.217322;
1297, 0 32767 820723.217322;
1298, 3277 30335 824000.383196;
1299, 0 25215 824000.383196;
1300, 10 21119 824010.383196;
1301, 0 16128 824010.383196;
1302, 10 11392 824020.383196;
1303, 0 6784 824020.383196;
1304, 10 3584 824030.383196;
1305, 10 2176 824040.383196;
1306, 10 1280 824050.383196;
1307, 10 128 824060.383196;
1308, 50 1408 824110.383196;
1309, 0 3072 824110.383196;
1310, 10 5760 824120.383196;
1311, 10 8832 824130.383196;
1312, 0 12672 824130.383196;
1313, 10 17151 824140.383196;
1314, 10 21887 824150.383196;
1315, 0 26623 824150.383196;
1316, 10 31487 824160.383196;
1317, 10 32767 824170.383196;
1318, 2803 31999 826978.59715;
1319, 0 24063 826978.59715;
1320, 0 12928 826978.59715;
1321, 0 2944 826978.59715;
1322, 50 128 827028.598689;
1323, 66 2304 827095.596206;
1324, 0 6144 827095.596206;
1325, 0 9984 827095.596206;
1326, 0 14080 827095.596206;
1327, 0 19199 827095.596206;
1328, 0 23935 827095.596206;
1329, 0 29567 827095.596206;
1330, 0 32767 827095.596206;
1331, 102 24575 827198.596093;
1332, 0 10752 827198.596093;
1333, 0 128 827198.596093;
1334, 150 896 827348.625408;
1335, 0 7168 827348.625408;
1336, 0 16511 827348.625408;
1337, 0 26367 827348.625408;
1338, 0 32767 827348.625408;
1339, 2556 31615 829904.775783;
1340, 0 22911 829904.775783;
1341, 0 13056 829904.775783;
1342, 0 3712 829904.775783;
1343, 0 128 829904.775783;
1344, 0 1664 829904.775783;
1345, 0 5632 829904.775783;
1346, 0 11136 829904.775783;
1347, 0 17023 829904.775783;
1348, 0 23295 829904.775783;
1349, 283 28927 830188.773155;
1350, 0 32767 830188.773155;
1351, 973 31871 831161.830368;
1352, 0 24447 831161.830368;
1353, 0 16256 831161.830368;
1354, 0 8064 831161.830368;
1355, 0 1536 831161.830368;
1356, 0 128 831161.830368;
1357, 105 512 831267.817185;
1358, 0 4608 831267.817185;
1359, 0 10496 831267.817185;
1360, 0 17023 831267.817185;
1361, 10 23807 831272.817185;
1362, 0 30079 831272.817185;
1363, 10 32767 831282.817185;
1364, 2205 31231 833492.965838;
1365, 0 28799 833492.965838;
1366, 0 26623 833492.965838;
1367, 0 24575 833492.965838;
1368, 0 22911 833492.965838;
1369, 0 21631 833492.965838;
1370, 0 20863 833492.965838;
1371, 0 20223 833492.965838;
1372, 0 19711 833492.965838;
1373, 0 19583 833492.965838;
1374, 122 19711 833614.978575;
1375, 0 19583 833614.978575;
1376, 0 19711 833614.978575;
1377, 0 20095 833614.978575;
1378, 0 20863 833614.978575;
1379, 0 22015 833614.978575;
1380, 0 24191 833614.978575;
1381, 0 26623 833614.978575;
1382, 0 30335 833614.978575;
1383, 0 32767 833614.978575;
1384, 926 31103 834540.995722;
1385, 0 23935 834540.995722;
1386, 0 15744 834540.995722;
1387, 0 8192 834540.995722;
1388, 0 2560 834540.995722;
1389, 0 128 834540.995722;
1390, 162 2432 834703.048751;
1391, 0 6656 834703.048751;
1392, 0 12032 834703.048751;
1393, 0 18687 834703.048751;
1394, 0 24575 834703.048751;
1395, 0 30975 834703.048751;
1396, 0 32767 834703.048751;
1397, 12501 29567 847204.770577;
1398, 0 23679 847204.770577;
1399, 0 17663 847204.770577;
1400, 0 11776 847204.770577;
1401, 0 6400 847204.770577;
1402, 0 2560 847204.770577;
1403, 0 128 847204.770577;
1404, 0 1792 847204.770577;
1405, 0 5120 847204.770577;
1406, 0 10368 847204.770577;
1407, 0 16767 847204.770577;
1408, 0 23807 847204.770577;
1409, 0 30719 847204.770577;
1410, 0 32767 847204.770577;
1411, 638 24447 847842.794605;
1412, 0 11904 847842.794605;
1413, 0 2304 847842.794605;
1414, 0 128 847842.794605;
1415, 0 256 847842.794605;
1416, 0 3840 847842.794605;
1417, 0 10496 847842.794605;
1418, 0 19583 847842.794605;
1419, 0 28287 847842.794605;
1420, 0 32767 847842.794605;
1421, 9688 31487 857526.338404;
1422, 10 23807 857536.338404;
1423, 10 15232 857546.338404;
1424, 0 7296 857546.338404;
1425, 10 1920 857556.338404;
1426, 0 128 857556.338404;
1427, 78 2048 857634.340995;
1428, 0 4992 857634.340995;
1429, 0 8832 857634.340995;
1430, 10 13952 857644.340995;
1431, 0 20223 857644.340995;
1432, 0 25983 857644.340995;
1433, 10 32127 857654.340995;
1434, 0 32767 857654.340995;
1435, 3873 32511 861431.590701;
1436, 0 24831 861431.590701;
1437, 0 15104 861431.590701;
1438, 0 6784 861431.590701;
1439, 0 1920 861431.590701;
1440, 0 128 861431.590701;
1441, 121 1792 861653.606525;
1442, 0 4736 861653.606525;
1443, 0 8704 861653.606525;
1444, 0 13568 861653.606525;
1445, 0 19327 861653.606525;
1446, 0 24575 861653.606525;
1447, 0 30719 861653.606525;
1448, 0 32767 861653.606525;
1449, 4726 31231 866374.87738;
1450, 0 25599 866374.87738;
1451, 10 19583 866384.87738;
1452, 0 12544 866384.87738;
1453, 0 6784 866384.87738;
1454, 10 2560 866394.87738;
1455, 0 128 866394.87738;
1456, 104 1280 866499.86832;
1457, 0 3456 866499.86832;
1458, 10 7296 866509.86832;
1459, 0 12288 866509.86832;
1460, 10 18687 866519.86832;
1461, 0 24319 866519.86832;
1462, 10 30463 866529.86832;
1463, 10 32767 866539.86832;
1464, 2150 32255 868689.981896;
1465, 10 30975 868699.981896;
1466, 10 29695 868709.981896;
1467, 0 27391 868709.981896;
1468, 10 25215 868719.981896;
1469, 0 22015 868719.981896;
1470, 10 17919 868729.981896;
1471, 0 14080 868729.981896;
1472, 10 10496 868739.981896;
1473, 0 7424 868739.981896;
1474, 10 5376 868777.017546;
1475, 0 3584 868777.017546;
1476, 0 2944 868777.017546;
1477, 10 2688 868777.017546;
1478, 0 2560 868777.017546;
1479, 10 2816 868777.017546;
1480, 49 3840 868824.005937;
1481, 10 6528 868829.005937;
1482, 0 10240 868829.005937;
1483, 10 14592 868839.005937;
1484, 10 20095 868849.005937;
1485, 10 24703 868859.005937;
1486, 0 29951 868859.005937;
1487, 10 32767 868869.005937;
1488, 7789 27391 876663.465561;
1489, 0 21375 876663.465561;
1490, 0 14208 876663.465561;
1491, 0 7168 876663.465561;
1492, 0 1792 876663.465561;
1493, 0 128 876663.465561;
1494, 799 2304 877462.496186;
1495, 0 6784 877462.496186;
1496, 0 13056 877462.496186;
1497, 0 20479 877462.496186;
1498, 0 26751 877462.496186;
1499, 0 32767 877462.496186;
1500, 4191 32639 881653.760033;
1501, 0 27391 881653.760033;
1502, 0 22399 881653.760033;
1503, 0 16639 881653.760033;
1504, 0 9984 881653.760033;
1505, 0 3456 881653.760033;
1506, 0 128 881653.760033;
1507, 0 1408 881653.760033;
1508, 0 5120 881653.760033;
1509, 0 11264 881653.760033;
1510, 0 18431 881653.760033;
1511, 0 25343 881653.760033;
1512, 0 31871 881653.760033;
1513, 0 32767 881653.760033;
1514, 1919 25087 883572.845419;
1515, 0 14848 883572.845419;
1516, 0 5504 883572.845419;
1517, 0 128 883572.845419;
1518, 0 2560 883572.845419;
1519, 0 6784 883572.845419;
1520, 0 12672 883572.845419;
1521, 0 19711 883572.845419;
1522, 0 25855 883572.845419;
1523, 0 32127 883572.845419;
1524, 0 32767 883572.845419;
1525, 2803 32255 886376.020357;
1526, 0 26495 886376.020357;
1527, 0 21119 886376.020357;
1528, 0 14976 886376.020357;
1529, 0 9088 886376.020357;
1530, 0 3840 886376.020357;
1531, 0 1152 886376.020357;
1532, 0 128 886376.020357;
1533, 0 1536 886376.020357;
1534, 0 5248 886376.020357;
1535, 0 10368 886376.020357;
1536, 0 15744 886376.020357;
1537, 0 21759 886376.020357;
1538, 0 27263 886376.020357;
1539, 0 32639 886376.020357;
1540, 2071 32511 888447.14585;
1541, 0 24319 888447.14585;
1542, 0 14336 888447.14585;
1543, 0 4480 888447.14585;
1544, 0 128 888447.14585;
1545, 0 2944 888447.14585;
1546, 0 8576 888447.14585;
1547, 0 15488 888447.14585;
1548, 0 22783 888447.14585;
1549, 0 29823 888447.14585;
1550, 0 32767 888447.14585;
1551, 2855 27775 891302.300822;
1552, 0 20351 891302.300822;
1553, 0 11520 891302.300822;
1554, 0 3584 891302.300822;
1555, 0 128 891302.300822;
1556, 0 1408 891302.300822;
1557, 0 4480 891302.300822;
1558, 0 9600 891302.300822;
1559, 0 15616 891302.300822;
1560, 0 22143 891302.300822;
1561, 0 28159 891302.300822;
1562, 0 32767 891302.300822;
1563, 2013 30463 893315.413525;
1564, 0 20607 893315.413525;
1565, 0 11520 893315.413525;
1566, 0 7680 893315.413525;
1567, 0 6144 893315.413525;
1568, 0 5248 893315.413525;
1569, 0 4864 893315.413525;
1570, 0 4608 893315.413525;
1571, 0 4736 893315.413525;
1572, 0 5248 893315.413525;
1573, 0 6656 893315.413525;
1574, 0 10368 893315.413525;
1575, 0 16128 893315.413525;
1576, 0 24063 893315.413525;
1577, 0 32255 893315.413525;
1578, 0 32767 893315.413525;
1579, 10879 30079 904195.031991;
1580, 0 24063 904195.031991;
1581, 0 16767 904195.031991;
1582, 0 8448 904195.031991;
1583, 0 1792 904195.031991;
1584, 0 128 904195.031991;
1585, 109 896 904299.037653;
1586, 0 4992 904299.037653;
1587, 10 10624 904309.037653;
1588, 0 16639 904309.037653;
1589, 0 22655 904309.037653;
1590, 10 27903 904319.037653;
1591, 0 32767 904319.037653;
1592, 21613 32255 925937.307522;
1593, 0 28287 925937.307522;
1594, 0 25215 925937.307522;
1595, 0 21887 925937.307522;
1596, 0 19071 925937.307522;
1597, 0 15232 925937.307522;
1598, 0 12160 925937.307522;
1599, 0 9216 925937.307522;
1600, 0 6784 925937.307522;
1601, 0 4992 925937.307522;
1602, 0 3712 925937.307522;
1603, 0 3328 925937.307522;
1604, 0 2816 925937.307522;
1605, 0 2560 925937.307522;
1606, 0 2304 925937.307522;
1607, 0 2176 925937.307522;
1608, 0 2432 925937.307522;
1609, 0 2944 925937.307522;
1610, 0 3712 925937.307522;
1611, 0 5632 925937.307522;
1612, 0 8064 925937.307522;
1613, 0 11904 925937.307522;
1614, 0 15744 925937.307522;
1615, 0 20479 925937.307522;
1616, 0 24063 925937.307522;
1617, 0 27519 925937.307522;
1618, 0 31359 925937.307522;
1619, 0 32767 925937.307522;
1620, 23519 29951 949451.632269;
1621, 10 24063 949461.632269;
1622, 10 18559 949471.632269;
1623, 0 12800 949471.632269;
1624, 10 7552 949481.632269;
1625, 0 3200 949481.632269;
1626, 10 640 949491.632269;
1627, 0 128 949491.632269;
1628, 100 1664 949591.632269;
1629, 10 4480 949601.632269;
1630, 0 9344 949601.632269;
1631, 10 14464 949611.632269;
1632, 0 20351 949611.632269;
1633, 0 25087 949611.632269;
1634, 10 29951 949621.632269;
1635, 0 32767 949621.632269;
1636, 96144 30463 1045771.234809;
1637, 0 25087 1045771.234809;
1638, 0 19199 1045771.234809;
1639, 0 11904 1045771.234809;
1640, 0 6144 1045771.234809;
1641, 0 2176 1045771.234809;
1642, 0 128 1045771.234809;
1643, 0 1536 1045771.234809;
1644, 0 3712 1045771.234809;
1645, 0 7168 1045771.234809;
1646, 0 11008 1045771.234809;
1647, 0 14592 1045771.234809;
1648, 0 19071 1045771.234809;
1649, 0 22271 1045771.234809;
1650, 0 25855 1045771.234809;
1651, 0 29183 1045771.234809;
1652, 0 31999 1045771.234809;
1653, 0 32767 1045771.234809;
1654, 15108 28671 1060875.118444;
1655, 10 20735 1060885.118444;
1656, 0 11776 1060885.118444;
1657, 10 3968 1060895.118444;
1658, 10 128 1060905.118444;
1659, 120 3584 1061025.118444;
1660, 10 8704 1061035.118444;
1661, 10 14848 1061045.118444;
1662, 0 21503 1061045.118444;
1663, 0 27263 1061045.118444;
1664, 10 32639 1061055.118444;
1665, 0 32767 1061055.118444;
1666, 4899 31743 1065959.393176;
1667, 0 29951 1065959.393176;
1668, 0 27391 1065959.393176;
1669, 0 25471 1065959.393176;
1670, 0 23295 1065959.393176;
1671, 0 21119 1065959.393176;
1672, 0 19199 1065959.393176;
1673, 0 17023 1065959.393176;
1674, 0 15360 1065959.393176;
1675, 0 14336 1065959.393176;
1676, 0 13312 1065959.393176;
1677, 0 12544 1065959.393176;
1678, 0 12032 1065959.393176;
1679, 0 11904 1065959.393176;
1680, 0 12032 1065959.393176;
1681, 0 12672 1065959.393176;
1682, 0 14720 1065959.393176;
1683, 0 17663 1065959.393176;
1684, 0 21119 1065959.393176;
1685, 0 24191 1065959.393176;
1686, 0 27391 1065959.393176;
1687, 0 31231 1065959.393176;
1688, 0 32767 1065959.393176;
1689, 6481 30335 1072440.778342;
1690, 0 26239 1072440.778342;
1691, 0 22783 1072440.778342;
1692, 0 20223 1072440.778342;
1693, 0 17791 1072440.778342;
1694, 0 17023 1072440.778342;
1695, 0 16895 1072440.778342;
1696, 0 17791 1072440.778342;
1697, 0 22015 1072440.778342;
1698, 0 28927 1072440.778342;
1699, 0 32767 1072440.778342;
1700, 8465 28799 1080906.275517;
1701, 0 23423 1080906.275517;
1702, 0 17535 1080906.275517;
1703, 0 11520 1080906.275517;
1704, 0 5888 1080906.275517;
1705, 0 1792 1080906.275517;
1706, 0 128 1080906.275517;
1707, 121 3584 1081027.331874;
1708, 0 8832 1081027.331874;
1709, 0 14464 1081027.331874;
1710, 0 20607 1081027.331874;
1711, 0 25983 1081027.331874;
1712, 0 31103 1081027.331874;
1713, 0 32767 1081027.331874;
1714, 224 30591 1081247.274524;
1715, 0 22783 1081247.274524;
1716, 10 15104 1081282.430763;
1717, 0 8448 1081282.430763;
1718, 0 3712 1081282.430763;
1719, 0 1792 1081282.430763;
1720, 10 512 1081282.430763;
1721, 0 128 1081282.430763;
1722, 105 384 1081372.301979;
1723, 10 2688 1081382.301979;
1724, 10 6272 1081392.301979;
1725, 0 11136 1081392.301979;
1726, 10 16256 1081402.301979;
1727, 0 21759 1081402.301979;
1728, 10 26495 1081412.301979;
1729, 10 31359 1081422.301979;
1730, 10 32767 1081432.301979;
1731, 4835 36351 1086272.54361;
1732, 0 40575 1086272.54361;
1733, 0 45055 1086272.54361;
1734, 0 50688 1086272.54361;
1735, 0 53888 1086272.54361;
1736, 0 56960 1086272.54361;
1737, 0 59392 1086272.54361;
1738, 0 61056 1086272.54361;
1739, 0 62208 1086272.54361;
1740, 0 63360 1086272.54361;
1741, 0 64768 1086272.54361;
1742, 0 65408 1086272.54361;
1743, 4090 61696 1090385.834177;
1744, 0 57472 1090385.834177;
1745, 0 52352 1090385.834177;
1746, 10 46591 1090385.834177;
1747, 0 40959 1090385.834177;
1748, 0 36351 1090385.834177;
1749, 0 32767 1090385.834177;
1750, 806 34559 1091178.854084;
1751, 0 40959 1091178.854084;
1752, 175 46207 1091353.876569;
1753, 0 51072 1091353.876569;
1754, 0 53376 1091353.876569;
1755, 0 55168 1091353.876569;
1756, 0 57600 1091353.876569;
1757, 0 58752 1091353.876569;
1758, 0 60288 1091353.876569;
1759, 0 61056 1091353.876569;
1760, 0 61824 1091353.876569;
1761, 0 62592 1091353.876569;
1762, 0 63232 1091353.876569;
1763, 0 63872 1091353.876569;
1764, 0 64768 1091353.876569;
1765, 0 65152 1091353.876569;
1766, 0 65408 1091353.876569;
1767, 1146 61056 1092495.870807;
1768, 10 54656 1092505.870807;
1769, 0 46463 1092505.870807;
1770, 0 39167 1092505.870807;
1771, 0 32767 1092505.870807;
1772, 1022 35455 1093527.948401;
1773, 0 39679 1093527.948401;
1774, 10 42879 1093537.948401;
1775, 0 46719 1093537.948401;
1776, 10 51328 1093547.948401;
1777, 10 54272 1093557.948401;
1778, 10 57088 1093567.948401;
1779, 10 59648 1093577.948401;
1780, 10 61056 1093587.948401;
1781, 0 62464 1093587.948401;
1782, 10 63616 1093597.948401;
1783, 0 64896 1093597.948401;
1784, 10 65408 1093607.948401;
1785, 1553 63616 1095161.017162;
1786, 0 59520 1095161.017162;
1787, 10 55040 1095171.017162;
1788, 0 50432 1095171.017162;
1789, 0 43647 1095171.017162;
1790, 60 39679 1095236.097058;
1791, 0 34943 1095236.097058;
1792, 0 32767 1095236.097058;
1793, 2562 32639 1097793.20413;
1794, 0 27263 1097793.20413;
1795, 10 20863 1097803.20413;
1796, 0 14592 1097803.20413;
1797, 0 9472 1097803.20413;
1798, 0 5632 1097803.20413;
1799, 10 2688 1097813.20413;
1800, 0 1664 1097813.20413;
1801, 0 1280 1097813.20413;
1802, 48 384 1097823.20413;
1803, 0 128 1097823.20413;
1804, 30 256 1097891.239025;
1805, 10 1792 1097901.239025;
1806, 10 5504 1097911.239025;
1807, 0 11392 1097911.239025;
1808, 10 18431 1097921.239025;
1809, 0 25087 1097921.239025;
1810, 0 31743 1097921.239025;
1811, 10 32767 1097931.239025;
1812, 12574 35967 1110510.982412;
1813, 0 40447 1110510.982412;
1814, 0 44927 1110510.982412;
1815, 0 50688 1110510.982412;
1816, 0 54656 1110510.982412;
1817, 0 59648 1110510.982412;
1818, 0 62336 1110510.982412;
1819, 0 64640 1110510.982412;
1820, 0 65408 1110510.982412;
1821, 1018 60544 1111529.031662;
1822, 0 54144 1111529.031662;
1823, 0 47871 1111529.031662;
1824, 0 42751 1111529.031662;
1825, 0 38143 1111529.031662;
1826, 0 35071 1111529.031662;
1827, 0 34431 1111529.031662;
1828, 0 34047 1111529.031662;
1829, 0 33919 1111529.031662;
1830, 110 34431 1111639.046143;
1831, 0 37119 1111639.046143;
1832, 0 42111 1111639.046143;
1833, 0 47743 1111639.046143;
1834, 0 54144 1111639.046143;
1835, 0 60288 1111639.046143;
1836, 0 65408 1111639.046143;
1837, 178 61952 1111812.055892;
1838, 98 57472 1111822.055892;
1839, 0 52352 1111822.055892;
1840, 0 46591 1111822.055892;
1841, 0 41087 1111822.055892;
1842, 0 36607 1111822.055892;
1843, 0 32767 1111822.055892;
1844, 4246 36095 1116162.294689;
1845, 0 41343 1116162.294689;
1846, 0 46463 1116162.294689;
1847, 0 53376 1116162.294689;
1848, 0 58752 1116162.294689;
1849, 0 61952 1116162.294689;
1850, 0 64512 1116162.294689;
1851, 0 65408 1116162.294689;
1852, 0 64256 1116162.294689;
1853, 0 62080 1116162.294689;
1854, 0 59776 1116162.294689;
1855, 0 58624 1116162.294689;
1856, 0 57344 1116162.294689;
1857, 0 56704 1116162.294689;
1858, 0 56320 1116162.294689;
1859, 498 56448 1116660.330823;
1860, 0 56704 1116660.330823;
1861, 0 58112 1116660.330823;
1862, 0 59520 1116660.330823;
1863, 0 62464 1116660.330823;
1864, 0 64896 1116660.330823;
1865, 0 65408 1116660.330823;
1866, 0 58752 1116660.330823;
1867, 0 49408 1116660.330823;
1868, 0 41343 1116660.330823;
1869, 0 35967 1116660.330823;
1870, 0 32767 1116660.330823;
1871, 0 36607 1116660.330823;
1872, 0 42879 1116660.330823;
1873, 0 50304 1116660.330823;
1874, 172 58496 1116832.353839;
1875, 0 65408 1116832.353839;
1876, 110 64640 1116937.353839;
1877, 10 57088 1116947.353839;
1878, 0 45823 1116947.353839;
1879, 10 32767 1116957.353839;
1880, 110 34431 1117067.353839;
1881, 0 42111 1117067.353839;
1882, 0 52864 1117067.353839;
1883, 47 63488 1117077.353839;
1884, 0 65408 1117077.353839;
1885, 370 61824 1117484.371958;
1886, 0 57600 1117484.371958;
1887, 120 52480 1117609.394562;
1888, 0 46335 1117609.394562;
1889, 0 41215 1117609.394562;
1890, 0 37503 1117609.394562;
1891, 0 33407 1117609.394562;
1892, 0 32767 1117609.394562;
1893, 79526 30591 1197131.03581;
1894, 0 26623 1197131.03581;
1895, 10 22783 1197141.03581;
1896, 0 19327 1197141.03581;
1897, 10 15232 1197151.03581;
1898, 0 12288 1197151.03581;
1899, 10 9984 1197161.03581;
1900, 0 7808 1197161.03581;
1901, 50 7040 1197216.972117;
1902, 0 6272 1197216.972117;
1903, 0 6016 1197216.972117;
1904, 0 5888 1197216.972117;
1905, 0 5760 1197216.972117;
1906, 69 5888 1197285.975107;
1907, 0 6784 1197285.975107;
1908, 0 9472 1197285.975107;
1909, 0 13696 1197285.975107;
1910, 0 19455 1197285.975107;
1911, 0 24447 1197285.975107;
1912, 0 30079 1197285.975107;
1913, 0 32767 1197285.975107;
1914, 5493 27135 1202779.437943;
1915, 0 20479 1202779.437943;
1916, 0 12928 1202779.437943;
1917, 0 6016 1202779.437943;
1918, 0 1152 1202779.437943;
1919, 0 128 1202779.437943;
1920, 0 2944 1202779.437943;
1921, 0 8064 1202779.437943;
1922, 0 14848 1202779.437943;
1923, 0 21503 1202779.437943;
1924, 0 27135 1202779.437943;
1925, 0 32511 1202779.437943;
1926, 0 32767 1202779.437943;
1927, 16083 33791 1218863.292751;
1928, 0 37631 1218863.292751;
1929, 0 40831 1218863.292751;
1930, 0 43007 1218863.292751;
1931, 0 46207 1218863.292751;
1932, 0 50432 1218863.292751;
1933, 0 52352 1218863.292751;
1934, 70 54272 1218934.257517;
1935, 0 56064 1218934.257517;
1936, 0 57728 1218934.257517;
1937, 0 59008 1218934.257517;
1938, 0 60288 1218934.257517;
1939, 0 61056 1218934.257517;
1940, 0 61568 1218934.257517;
1941, 0 62208 1218934.257517;
1942, 0 62720 1218934.257517;
1943, 0 63360 1218934.257517;
1944, 0 63872 1218934.257517;
1945, 126 64640 1219060.258781;
1946, 0 65024 1219060.258781;
1947, 0 65280 1219060.258781;
1948, 0 65408 1219060.258781;
1949, 598 65280 1219653.261721;
1950, 0 64512 1219653.261721;
1951, 89 63104 1219663.261721;
1952, 0 61312 1219663.261721;
1953, 0 59520 1219663.261721;
1954, 0 57216 1219663.261721;
1955, 0 53760 1219663.261721;
1956, 0 50816 1219663.261721;
1957, 0 46335 1219663.261721;
1958, 0 42495 1219663.261721;
1959, 68 39807 1219816.296761;
1960, 0 36991 1219816.296761;
1961, 0 33535 1219816.296761;
1962, 0 32767 1219816.296761;
1963, 679 30463 1220495.318222;
1964, 0 22783 1220495.318222;
1965, 0 11520 1220495.318222;
1966, 0 1536 1220495.318222;
1967, 0 128 1220495.318222;
1968, 173 384 1220669.316692;
1969, 0 5760 1220669.316692;
1970, 0 12928 1220669.316692;
1971, 0 21119 1220669.316692;
1972, 0 28159 1220669.316692;
1973, 0 32767 1220669.316692;
1974, 12612 33407 1233282.041849;
1975, 0 37503 1233282.041849;
1976, 10 41343 1233292.041849;
1977, 10 44543 1233302.041849;
1978, 10 49280 1233312.041849;
1979, 0 52224 1233312.041849;
1980, 10 54656 1233322.041849;
1981, 10 57472 1233332.041849;
1982, 0 59520 1233332.041849;
1983, 10 60800 1233342.041849;
1984, 10 61952 1233352.041849;
1985, 0 62848 1233352.041849;
1986, 41 64000 1233393.077511;
1987, 0 65024 1233393.077511;
1988, 0 65408 1233393.077511;
1989, 1106 64256 1234502.162589;
1990, 40 61312 1234540.157132;
1991, 0 59008 1234540.157132;
1992, 10 55296 1234545.157132;
1993, 0 51840 1234545.157132;
1994, 0 46975 1234545.157132;
1995, 0 42623 1234545.157132;
1996, 10 39935 1234555.157132;
1997, 0 36735 1234555.157132;
1998, 0 33279 1234555.157132;
1999, 0 32767 1234555.157132;
2000, 4298 34047 1238858.385082;
2001, 0 38015 1238858.385082;
2002, 0 41343 1238858.385082;
2003, 0 44415 1238858.385082;
2004, 0 47999 1238858.385082;
2005, 0 51328 1238858.385082;
2006, 0 53248 1238858.385082;
2007, 0 54912 1238858.385082;
2008, 0 57088 1238858.385082;
2009, 0 58240 1238858.385082;
2010, 0 59776 1238858.385082;
2011, 0 60672 1238858.385082;
2012, 0 61312 1238858.385082;
2013, 0 61952 1238858.385082;
2014, 0 62464 1238858.385082;
2015, 0 62720 1238858.385082;
2016, 0 63360 1238858.385082;
2017, 0 63872 1238858.385082;
2018, 0 64384 1238858.385082;
2019, 0 64640 1238858.385082;
2020, 0 64896 1238858.385082;
2021, 0 65024 1238858.385082;
2022, 0 65152 1238858.385082;
2023, 0 65408 1238858.385082;
2024, 1310 52736 1240168.471452;
2025, 0 52352 1240168.471452;
2026, 0 52096 1240168.471452;
2027, 0 51584 1240168.471452;
2028, 0 51072 1240168.471452;
2029, 0 50816 1240168.471452;
2030, 0 50432 1240168.471452;
2031, 0 50560 1240168.471452;
2032, 0 50688 1240168.471452;
2033, 0 50816 1240168.471452;
2034, 0 50944 1240168.471452;
2035, 0 51328 1240168.471452;
2036, 0 52096 1240168.471452;
2037, 0 52608 1240168.471452;
2038, 0 53248 1240168.471452;
2039, 0 53760 1240168.471452;
2040, 0 54272 1240168.471452;
2041, 0 54784 1240168.471452;
2042, 0 55168 1240168.471452;
2043, 0 55808 1240168.471452;
2044, 0 56448 1240168.471452;
2045, 0 56960 1240168.471452;
2046, 0 57344 1240168.471452;
2047, 0 57600 1240168.471452;
2048, 0 57856 1240168.471452;
2049, 0 57984 1240168.471452;
2050, 0 58112 1240168.471452;
2051, 0 58240 1240168.471452;
2052, 0 58368 1240168.471452;
2053, 0 58496 1240168.471452;
2054, 0 58752 1240168.471452;
2055, 0 58880 1240168.471452;
2056, 0 59264 1240168.471452;
2057, 0 59392 1240168.471452;
2058, 0 59520 1240168.471452;
2059, 0 59648 1240168.471452;
2060, 0 59776 1240168.471452;
2061, 0 59904 1240168.471452;
2062, 0 60032 1240168.471452;
2063, 0 59904 1240168.471452;
2064, 0 60032 1240168.471452;
2065, 0 60160 1240168.471452;
2066, 0 60032 1240168.471452;
2067, 0 60160 1240168.471452;
2068, 0 60032 1240168.471452;
2069, 0 60160 1240168.471452;
2070, 0 60032 1240168.471452;
2071, 0 60160 1240168.471452;
2072, 0 60032 1240168.471452;
2073, 0 60160 1240168.471452;
2074, 0 60032 1240168.471452;
2075, 0 60160 1240168.471452;
2076, 0 60032 1240168.471452;
2077, 0 60160 1240168.471452;
2078, 0 60032 1240168.471452;
2079, 0 60160 1240168.471452;
2080, 0 60032 1240168.471452;
2081, 1025 59904 1241193.49844;
2082, 0 59776 1241193.49844;
2083, 0 59904 1241193.49844;
2084, 0 59776 1241193.49844;
2085, 0 59904 1241193.49844;
2086, 0 59776 1241193.49844;
2087, 0 59904 1241193.49844;
2088, 0 59776 1241193.49844;
2089, 0 59904 1241193.49844;
2090, 0 59776 1241193.49844;
2091, 0 59904 1241193.49844;
2092, 0 59776 1241193.49844;
2093, 0 59648 1241193.49844;
2094, 0 59520 1241193.49844;
2095, 0 59648 1241193.49844;
2096, 0 59520 1241193.49844;
2097, 0 59648 1241193.49844;
2098, 0 59520 1241193.49844;
2099, 0 59648 1241193.49844;
2100, 0 59776 1241193.49844;
2101, 0 59648 1241193.49844;
2102, 0 59776 1241193.49844;
2103, 0 59904 1241193.49844;
2104, 0 60032 1241193.49844;
2105, 0 59904 1241193.49844;
2106, 0 59776 1241193.49844;
2107, 0 59904 1241193.49844;
2108, 1210 59776 1242403.592372;
2109, 0 59904 1242403.592372;
2110, 0 59776 1242403.592372;
2111, 0 59904 1242403.592372;
2112, 0 59776 1242403.592372;
2113, 0 59904 1242403.592372;
2114, 0 59776 1242403.592372;
2115, 0 59904 1242403.592372;
2116, 0 59776 1242403.592372;
2117, 0 59904 1242403.592372;
2118, 0 59776 1242403.592372;
2119, 0 59904 1242403.592372;
2120, 0 59776 1242403.592372;
2121, 0 59904 1242403.592372;
2122, 0 59776 1242403.592372;
2123, 0 59904 1242403.592372;
2124, 0 59776 1242403.592372;
2125, 0 59904 1242403.592372;
2126, 0 59776 1242403.592372;
2127, 0 59904 1242403.592372;
2128, 0 59776 1242403.592372;
2129, 0 59904 1242403.592372;
2130, 0 59776 1242403.592372;
2131, 0 59904 1242403.592372;
2132, 0 59776 1242403.592372;
2133, 0 59904 1242403.592372;
2134, 0 59776 1242403.592372;
2135, 0 59904 1242403.592372;
2136, 0 59776 1242403.592372;
2137, 0 59648 1242403.592372;
2138, 0 59520 1242403.592372;
2139, 0 59392 1242403.592372;
2140, 0 59264 1242403.592372;
2141, 0 59136 1242403.592372;
2142, 0 59008 1242403.592372;
2143, 0 58880 1242403.592372;
2144, 0 59008 1242403.592372;
2145, 0 59136 1242403.592372;
2146, 0 59392 1242403.592372;
2147, 0 59264 1242403.592372;
2148, 0 59392 1242403.592372;
2149, 0 59264 1242403.592372;
2150, 0 59392 1242403.592372;
2151, 0 59520 1242403.592372;
2152, 0 59648 1242403.592372;
2153, 0 59776 1242403.592372;
2154, 1101 41471 1243504.641502;
2155, 0 38015 1243504.641502;
2156, 0 33535 1243504.641502;
2157, 0 32767 1243504.641502;
2158, 6339 30975 1249843.997205;
2159, 0 23295 1249843.997205;
2160, 0 15104 1249843.997205;
2161, 0 8064 1249843.997205;
2162, 0 3200 1249843.997205;
2163, 0 128 1249843.997205;
2164, 0 2816 1249843.997205;
2165, 0 6784 1249843.997205;
2166, 0 11904 1249843.997205;
2167, 0 17919 1249843.997205;
2168, 0 23935 1249843.997205;
2169, 0 29439 1249843.997205;
2170, 0 32767 1249843.997205;
2171, 2850 35967 1252694.159394;
2172, 0 40063 1252694.159394;
2173, 0 43007 1252694.159394;
2174, 0 47359 1252694.159394;
2175, 0 52096 1252694.159394;
2176, 0 54912 1252694.159394;
2177, 0 57984 1252694.159394;
2178, 0 60032 1252694.159394;
2179, 0 61312 1252694.159394;
2180, 0 62592 1252694.159394;
2181, 0 63744 1252694.159394;
2182, 0 65024 1252694.159394;
2183, 0 65408 1252694.159394;
2184, 2311 58240 1255005.318035;
2185, 0 64256 1255005.318035;
2186, 0 65408 1255005.318035;
2187, 0 61440 1255005.318035;
2188, 0 57344 1255005.318035;
2189, 0 52352 1255005.318035;
2190, 0 46463 1255005.318035;
2191, 0 41215 1255005.318035;
2192, 0 37503 1255005.318035;
2193, 0 33279 1255005.318035;
2194, 0 32767 1255005.318035;
2195, 2849 26367 1257854.502567;
2196, 0 14976 1257854.502567;
2197, 0 3712 1257854.502567;
2198, 0 128 1257854.502567;
2199, 0 1408 1257854.502567;
2200, 0 6784 1257854.502567;
2201, 0 14848 1257854.502567;
2202, 0 23807 1257854.502567;
2203, 0 31871 1257854.502567;
2204, 0 32767 1257854.502567;
2205, 7642 36991 1265492.935408;
2206, 0 40831 1265492.935408;
2207, 10 44799 1265502.935408;
2208, 10 50688 1265512.935408;
2209, 10 54400 1265522.935408;
2210, 0 58880 1265522.935408;
2211, 10 61824 1265532.935408;
2212, 0 63616 1265532.935408;
2213, 10 65280 1265542.935408;
2214, 0 65408 1265542.935408;
2215, 3180 61056 1268727.132657;
2216, 0 57472 1268727.132657;
2217, 0 53120 1268727.132657;
2218, 0 48639 1268727.132657;
2219, 0 43775 1268727.132657;
2220, 0 40831 1268727.132657;
2221, 0 37631 1268727.132657;
2222, 0 33791 1268727.132657;
2223, 0 32767 1268727.132657;
2224, 5282 30847 1274009.433851;
2225, 0 26879 1274009.433851;
2226, 0 23295 1274009.433851;
2227, 0 19711 1274009.433851;
2228, 0 15232 1274009.433851;
2229, 380 11648 1274389.462493;
2230, 0 8704 1274389.462493;
2231, 0 6528 1274389.462493;
2232, 0 4352 1274389.462493;
2233, 0 3200 1274389.462493;
2234, 0 2432 1274389.462493;
2235, 0 2048 1274389.462493;
2236, 0 1920 1274389.462493;
2237, 0 2048 1274389.462493;
2238, 0 2688 1274389.462493;
2239, 0 4224 1274389.462493;
2240, 0 7040 1274389.462493;
2241, 0 10880 1274389.462493;
2242, 0 15104 1274389.462493;
2243, 0 20351 1274389.462493;
2244, 0 24575 1274389.462493;
2245, 0 29183 1274389.462493;
2246, 0 32767 1274389.462493;
2247, 9199 640 1283588.990269;
2248, 0 128 1283588.990269;
2249, 0 256 1283588.990269;
2250, 0 3456 1283588.990269;
2251, 0 7552 1283588.990269;
2252, 0 12544 1283588.990269;
2253, 0 17919 1283588.990269;
2254, 0 23167 1283588.990269;
2255, 0 27775 1283588.990269;
2256, 0 32511 1283588.990269;
2257, 0 32767 1283588.990269;
2258, 0 25471 1283588.990269;
2259, 0 16256 1283588.990269;
2260, 0 8320 1283588.990269;
2261, 0 1920 1283588.990269;
2262, 0 128 1283588.990269;
2263, 0 6016 1283588.990269;
2264, 0 14080 1283588.990269;
2265, 0 22783 1283588.990269;
2266, 0 31103 1283588.990269;
2267, 0 32767 1283588.990269;
2268, 6684 27775 1290273.354082;
2269, 0 23167 1290273.354082;
2270, 0 13568 1290273.354082;
2271, 0 2560 1290273.354082;
2272, 6532 32511 1296805.722625;
2273, 0 23807 1296805.722625;
2274, 0 12544 1296805.722625;
2275, 0 2560 1296805.722625;
2276, 0 128 1296805.722625;
2277, 0 2560 1296805.722625;
2278, 0 9600 1296805.722625;
2279, 0 18943 1296805.722625;
2280, 0 27263 1296805.722625;
2281, 0 32767 1296805.722625;
2282, 1514 32383 1298320.063196;
2283, 0 25471 1298320.063196;
2284, 0 16639 1298320.063196;
2285, 0 7808 1298320.063196;
2286, 0 1792 1298320.063196;
2287, 0 128 1298320.063196;
2288, 976 19199 1299296.864996;
2289, 0 24319 1299296.864996;
2290, 0 29695 1299296.864996;
2291, 0 32767 1299296.864996;
2292, 7153 30079 1306450.306805;
2293, 0 24191 1306450.306805;
2294, 0 18047 1306450.306805;
2295, 0 12160 1306450.306805;
2296, 0 7168 1306450.306805;
2297, 0 3200 1306450.306805;
2298, 0 1408 1306450.306805;
2299, 0 128 1306450.306805;
2300, 0 1536 1306450.306805;
2301, 0 3584 1306450.306805;
2302, 0 6912 1306450.306805;
2303, 0 11648 1306450.306805;
2304, 0 17407 1306450.306805;
2305, 0 23807 1306450.306805;
2306, 0 30591 1306450.306805;
2307, 0 32767 1306450.306805;
2308, 3188 25215 1309638.513427;
2309, 0 14720 1309638.513427;
2310, 0 4992 1309638.513427;
2311, 0 128 1309638.513427;
2312, 11879 30847 1321518.161911;
2313, 0 25471 1321518.161911;
2314, 0 14848 1321518.161911;
2315, 0 2304 1321518.161911;
2316, 0 128 1321518.161911;
2317, 0 2304 1321518.161911;
2318, 0 7936 1321518.161911;
2319, 0 15744 1321518.161911;
2320, 0 24191 1321518.161911;
2321, 0 32767 1321518.161911;
2322, 8092 25727 1329610.645038;
2323, 0 15360 1329610.645038;
2324, 0 5248 1329610.645038;
2325, 0 128 1329610.645038;
2326, 0 896 1329610.645038;
2327, 0 5248 1329610.645038;
2328, 0 11648 1329610.645038;
2329, 0 19327 1329610.645038;
2330, 0 26111 1329610.645038;
2331, 0 32767 1329610.645038;
2332, 4731 28159 1334341.896931;
2333, 0 17279 1334341.896931;
2334, 0 3840 1334341.896931;
2335, 0 128 1334341.896931;
2336, 0 1408 1334341.896931;
2337, 0 7552 1334341.896931;
2338, 0 15872 1334341.896931;
2339, 0 24319 1334341.896931;
2340, 0 32127 1334341.896931;
2341, 0 32767 1334341.896931;
2342, 20028 30975 1354370.052196;
2343, 0 26879 1354370.052196;
2344, 0 23295 1354370.052196;
2345, 0 20223 1354370.052196;
2346, 0 16384 1354370.052196;
2347, 0 13440 1354370.052196;
2348, 0 11392 1354370.052196;
2349, 0 9600 1354370.052196;
2350, 0 8704 1354370.052196;
2351, 0 7936 1354370.052196;
2352, 0 7808 1354370.052196;
2353, 0 7936 1354370.052196;
2354, 0 8832 1354370.052196;
2355, 0 10624 1354370.052196;
2356, 0 12800 1354370.052196;
2357, 0 15616 1354370.052196;
2358, 0 19711 1354370.052196;
2359, 0 23167 1354370.052196;
2360, 0 26879 1354370.052196;
2361, 0 31359 1354370.052196;
2362, 0 32767 1354370.052196;
2363, 5102 30335 1359472.3765;
2364, 12743 25727 1372216.105029;
2365, 0 12032 1372216.105029;
2366, 0 128 1372216.105029;
2367, 0 4480 1372216.105029;
2368, 0 14848 1372216.105029;
2369, 0 26495 1372216.105029;
2370, 0 32767 1372216.105029;
2371, 13616 30207 1385832.905172;
2372, 0 21631 1385832.905172;
2373, 0 12288 1385832.905172;
2374, 0 3584 1385832.905172;
2375, 0 128 1385832.905172;
2376, 1669 384 1387501.961206;
2377, 0 4096 1387501.961206;
2378, 0 9984 1387501.961206;
2379, 0 16511 1387501.961206;
2380, 0 23423 1387501.961206;
2381, 0 29951 1387501.961206;
2382, 0 32767 1387501.961206;
2383, 975611 32383 2363113.317164;
2384, 0 24447 2363113.317164;
2385, 0 11392 2363113.317164;
2386, 0 128 2363113.317164;
2387, 0 4736 2363113.317164;
2388, 0 11776 2363113.317164;
2389, 0 20223 2363113.317164;
2390, 0 26879 2363113.317164;
2391, 0 32767 2363113.317164;
