0, 0 128 72862.863943;
1, 250 0 73112.863943;
2, 630 128 73742.863943;
3, 250 0 73992.863943;
4, 1820 128 75812.863943;
5, 210 0 76022.863943;
6, 660 128 76682.863943;
7, 160 0 76842.863943;
8, 2750 128 79592.863943;
9, 410 0 80002.863943;
10, 3150 128 83152.863943;
11, 160 0 83312.863943;
12, 50 128 83362.863943;
13, 170 0 83532.863943;
14, 60 128 83592.863943;
15, 80 0 83672.863943;
16, 38810 128 122482.863943;
17, 260 0 122742.863943;
18, 188840 128 311582.863943;
19, 260 0 311842.863943;
20, 4880 128 316722.863943;
21, 430 0 317152.863943;
22, 100 128 317252.863943;
23, 140 0 317392.863943;
24, 250 128 317642.863943;
25, 180 0 317822.863943;
26, 4560 128 322382.863943;
27, 340 0 322722.863943;
28, 8410 128 331132.863943;
29, 250 0 331382.863943;
30, 9510 128 340892.863943;
31, 290 0 341182.863943;
32, 3000 128 344182.863943;
33, 130 0 344312.863943;
34, 80 128 344392.863943;
35, 190 0 344582.863943;
36, 4910 128 349492.863943;
37, 50 0 349542.863943;
38, 110 128 349652.863943;
39, 130 0 349782.863943;
40, 1950 128 351732.863943;
41, 230 0 351962.863943;
42, 4400 128 356362.863943;
43, 140 0 356502.863943;
44, 30800 128 387302.863943;
45, 310 0 387612.863943;
46, 13670 128 401282.863943;
47, 260 0 401542.863943;
48, 113144 128 514687.203699;
49, 170 0 514857.203699;
50, 19532 128 534389.205544;
51, 190 0 534579.205544;
52, 50 128 534629.205544;
53, 120 0 534749.205544;
54, 4460 128 539210.539034;
55, 110 0 539320.539034;
56, 90 128 539410.539034;
57, 190 0 539600.539034;
58, 10390 128 549993.061872;
59, 580 0 550573.061872;
60, 14381 128 564950.690329;
61, 200 0 565150.690329;
62, 80 128 565230.690329;
63, 130 0 565360.690329;
64, 1420 128 566780.690329;
65, 120 0 566900.690329;
66, 210 128 567110.690329;
67, 180 0 567290.690329;
