0, 0 128 43162.863943;
1, 110 0 43272.863943;
2, 4210 128 47482.863943;
3, 110 0 47592.863943;
4, 6250 128 53842.863943;
5, 520 0 54362.863943;
6, 11250 128 65612.863943;
7, 180 0 65792.863943;
8, 70 128 65862.863943;
9, 130 0 65992.863943;
10, 70 128 66062.863943;
11, 130 0 66192.863943;
12, 16730 128 82922.863943;
13, 140 0 83062.863943;
14, 60 128 83122.863943;
15, 130 0 83252.863943;
16, 40 128 83292.863943;
17, 100 0 83392.863943;
18, 50 128 83442.863943;
19, 120 0 83562.863943;
20, 30 128 83592.863943;
21, 100 0 83692.863943;
22, 45000 128 128692.863943;
23, 470 0 129162.863943;
24, 13810 128 142972.863943;
25, 170 0 143142.863943;
26, 60 128 143202.863943;
27, 140 0 143342.863943;
28, 10500 128 153842.863943;
29, 310 0 154152.863943;
30, 3050 128 157202.863943;
31, 160 0 157362.863943;
32, 2600 128 159962.863943;
33, 180 0 160142.863943;
34, 3660 128 163802.863943;
35, 180 0 163982.863943;
36, 3220 128 167202.863943;
37, 170 0 167372.863943;
38, 1610 128 168982.863943;
39, 180 0 169162.863943;
40, 140860 128 310022.863943;
41, 240 0 310262.863943;
42, 480 128 310742.863943;
43, 140 0 310882.863943;
44, 33290 128 344172.863943;
45, 170 0 344342.863943;
46, 40 128 344382.863943;
47, 220 0 344602.863943;
48, 9620 128 354222.863943;
49, 10 0 354232.863943;
50, 2130 128 356362.863943;
51, 10 0 356372.863943;
52, 2850 128 359222.863943;
53, 10 0 359232.863943;
54, 1070 128 360302.863943;
55, 180 0 360482.863943;
56, 50 128 360532.863943;
57, 120 0 360652.863943;
58, 600 128 361252.863943;
59, 150 0 361402.863943;
60, 28500 128 389902.863943;
61, 140 0 390042.863943;
62, 70 128 390112.863943;
63, 110 0 390222.863943;
64, 12410 128 402632.863943;
65, 190 0 402822.863943;
66, 2720 128 405542.863943;
67, 130 0 405672.863943;
68, 50 128 405722.863943;
69, 110 0 405832.863943;
70, 30 128 405862.863943;
71, 210 0 406072.863943;
72, 40 128 406112.863943;
73, 110 0 406222.863943;
74, 50 128 406272.863943;
75, 110 0 406382.863943;
76, 8860 128 415242.863943;
77, 150 0 415392.863943;
78, 30 128 415422.863943;
79, 250 0 415672.863943;
80, 30 128 415702.863943;
81, 110 0 415812.863943;
82, 30 128 415842.863943;
83, 110 0 415952.863943;
84, 30 128 415982.863943;
85, 120 0 416102.863943;
86, 30 128 416132.863943;
87, 100 0 416232.863943;
88, 70 128 416302.863943;
89, 80 0 416382.863943;
90, 60 128 416442.863943;
91, 110 0 416552.863943;
92, 50 128 416602.863943;
93, 100 0 416702.863943;
94, 80 128 416782.863943;
95, 90 0 416872.863943;
96, 130 128 417002.863943;
97, 100 0 417102.863943;
98, 7120 128 424222.863943;
99, 280 0 424502.863943;
100, 380 128 424882.863943;
101, 70 0 424952.863943;
102, 5140 128 430092.863943;
103, 70 0 430162.863943;
104, 30 128 430192.863943;
105, 150 0 430342.863943;
106, 70 128 430412.863943;
107, 120 0 430532.863943;
108, 50 128 430582.863943;
109, 110 0 430692.863943;
110, 40 128 430732.863943;
111, 240 0 430972.863943;
112, 60 128 431032.863943;
113, 80 0 431112.863943;
114, 80 128 431192.863943;
115, 100 0 431292.863943;
116, 40 128 431332.863943;
117, 120 0 431452.863943;
118, 50 128 431502.863943;
119, 70 0 431572.863943;
120, 140 128 431712.863943;
121, 130 0 431842.863943;
122, 50 128 431892.863943;
123, 120 0 432012.863943;
124, 50 128 432062.863943;
125, 90 0 432152.863943;
126, 70 128 432222.863943;
127, 110 0 432332.863943;
128, 50 128 432382.863943;
129, 110 0 432492.863943;
130, 60 128 432552.863943;
131, 100 0 432652.863943;
132, 30 128 432682.863943;
133, 180 0 432862.863943;
134, 50 128 432912.863943;
135, 130 0 433042.863943;
136, 40 128 433082.863943;
137, 140 0 433222.863943;
138, 70 128 433292.863943;
139, 160 0 433452.863943;
140, 60 128 433512.863943;
141, 110 0 433622.863943;
142, 1950 128 435572.863943;
143, 60 0 435632.863943;
144, 120 128 435752.863943;
145, 120 0 435872.863943;
146, 2220 128 438092.863943;
147, 160 0 438252.863943;
148, 20 128 438272.863943;
149, 140 0 438412.863943;
150, 5050 128 443462.863943;
151, 160 0 443622.863943;
152, 40 128 443662.863943;
153, 120 0 443782.863943;
154, 30 128 443812.863943;
155, 140 0 443952.863943;
156, 40 128 443992.863943;
157, 110 0 444102.863943;
158, 40 128 444142.863943;
159, 90 0 444232.863943;
160, 70 128 444302.863943;
161, 100 0 444402.863943;
162, 70 128 444472.863943;
163, 100 0 444576.191913;
164, 5260 128 449836.191913;
165, 130 0 449966.191913;
166, 60 128 450026.191913;
167, 110 0 450136.191913;
168, 30 128 450166.191913;
169, 130 0 450296.191913;
170, 3790 128 454086.191913;
171, 130 0 454216.191913;
172, 40 128 454256.191913;
173, 130 0 454386.191913;
174, 50 128 454436.191913;
175, 110 0 454546.191913;
176, 30 128 454576.191913;
177, 130 0 454706.191913;
178, 40 128 454746.191913;
179, 110 0 454856.191913;
180, 6110 128 460966.191913;
181, 140 0 461106.191913;
182, 40 128 461146.191913;
183, 120 0 461266.191913;
184, 70 128 461336.191913;
185, 80 0 461416.191913;
186, 110 128 461526.191913;
187, 120 0 461646.191913;
188, 4540 128 466186.191913;
189, 150 0 466336.191913;
190, 40 128 466376.191913;
191, 140 0 466516.191913;
192, 30 128 466546.191913;
193, 90 0 466636.191913;
194, 60 128 466696.191913;
195, 130 0 466826.191913;
196, 50 128 466876.191913;
197, 90 0 466966.191913;
198, 620 128 467586.191913;
199, 140 0 467726.191913;
200, 50 128 467776.191913;
201, 140 0 467917.519335;
202, 70 128 467987.519335;
203, 100 0 468087.519335;
204, 110 128 468197.519335;
205, 120 0 468317.519335;
206, 150 128 468467.519335;
207, 90 0 468557.519335;
208, 10200 128 478757.519335;
209, 110 0 478867.519335;
210, 4420 128 483287.519335;
211, 160 0 483447.519335;
212, 40 128 483487.519335;
213, 160 0 483647.519335;
214, 30 128 483677.519335;
215, 320 0 483997.519335;
216, 4820 128 488817.519335;
217, 160 0 488977.519335;
218, 40 128 489017.519335;
219, 130 0 489147.519335;
220, 30 128 489177.519335;
221, 130 0 489307.519335;
222, 40 128 489347.519335;
223, 270 0 489617.519335;
224, 890 128 490507.519335;
225, 150 0 490657.519335;
226, 30 128 490687.519335;
227, 130 0 490817.519335;
228, 30 128 490847.519335;
229, 120 0 490967.519335;
230, 40 128 491007.519335;
231, 110 0 491117.519335;
232, 50 128 491167.519335;
233, 90 0 491257.519335;
234, 50 128 491307.519335;
235, 140 0 491447.519335;
236, 6424 128 497867.203699;
237, 170 0 498037.203699;
238, 5740 128 503777.203699;
239, 170 0 503947.203699;
240, 10 128 503957.203699;
241, 160 0 504117.203699;
242, 13800 128 517917.203699;
243, 240 0 518157.203699;
244, 11120 128 529278.981257;
245, 170 0 529448.981257;
246, 7172 128 536620.365746;
247, 390 0 537010.365746;
248, 27781 128 564790.690329;
249, 140 0 564930.690329;
250, 50 128 564980.690329;
251, 130 0 565110.690329;
252, 1800 128 566910.690329;
253, 140 0 567050.690329;
254, 4960 128 572010.690329;
255, 170 0 572180.690329;
256, 10 128 572190.690329;
257, 120 0 572310.690329;
258, 50 128 572360.690329;
259, 130 0 572490.690329;
260, 40 128 572530.690329;
261, 100 0 572630.690329;
262, 50 128 572680.690329;
263, 100 0 572780.690329;
264, 40 128 572820.690329;
265, 110 0 572930.690329;
266, 60 128 572990.690329;
267, 100 0 573090.690329;
268, 60 128 573150.690329;
269, 100 0 573250.690329;
270, 70 128 573320.690329;
271, 120 0 573440.690329;
272, 50 128 573490.690329;
273, 120 0 573610.690329;
274, 80 128 573690.690329;
275, 80 0 573770.690329;
276, 40 128 573810.690329;
277, 140 0 573950.690329;
278, 60 128 574010.690329;
279, 110 0 574120.690329;
280, 50 128 574170.690329;
281, 120 0 574290.690329;
282, 60 128 574350.690329;
283, 100 0 574450.690329;
284, 800 128 575250.690329;
285, 150 0 575400.690329;
286, 50 128 575450.690329;
287, 120 0 575570.690329;
288, 50 128 575620.690329;
289, 110 0 575730.690329;
290, 30 128 575760.690329;
291, 110 0 575870.690329;
292, 20 128 575890.690329;
293, 110 0 576000.690329;
294, 73 128 576073.654109;
295, 120 0 576193.654109;
296, 30 128 576223.654109;
297, 150 0 576373.654109;
298, 40 128 576413.654109;
299, 140 0 576553.654109;
300, 50 128 576603.654109;
301, 130 0 576733.654109;
302, 60 128 576793.654109;
303, 140 0 576933.654109;
304, 60 128 576993.654109;
305, 110 0 577103.654109;
306, 60 128 577163.654109;
307, 140 0 577303.654109;
308, 160 128 577463.654109;
309, 150 0 577613.654109;
310, 630 128 578243.654109;
311, 160 0 578403.654109;
312, 50 128 578453.654109;
313, 130 0 578583.654109;
314, 50 128 578633.654109;
315, 130 0 578763.654109;
316, 60 128 578823.654109;
317, 120 0 578943.654109;
318, 1000 128 579943.654109;
319, 140 0 580083.654109;
320, 40 128 580123.654109;
321, 120 0 580243.654109;
322, 40 128 580283.654109;
323, 120 0 580403.654109;
324, 40 128 580443.654109;
325, 140 0 580583.654109;
326, 60 128 580643.654109;
327, 130 0 580773.654109;
328, 530 128 581303.654109;
329, 120 0 581423.654109;
330, 60 128 581483.654109;
331, 130 0 581613.654109;
332, 50 128 581663.654109;
333, 120 0 581783.654109;
334, 70 128 581853.654109;
335, 130 0 581983.654109;
336, 50 128 582033.654109;
337, 166 0 582200.011631;
338, 50 128 582250.011631;
339, 170 0 582420.011631;
340, 20 128 582440.011631;
341, 300 0 582740.011631;
342, 4630 128 587370.011631;
343, 180 0 587550.011631;
344, 40 128 587590.011631;
345, 130 0 587720.011631;
346, 2887 128 590610.452333;
347, 320 0 590930.452333;
348, 14114 128 605041.336328;
349, 360 0 605402.268867;
350, 10 128 605412.268867;
351, 495 0 605907.311116;
352, 120 128 606027.311116;
353, 533 0 606560.333676;
354, 591 128 607151.372957;
355, 410 0 607561.372957;
356, 90 128 607651.372957;
357, 360 0 608011.372957;
358, 20 128 608031.372957;
359, 157 0 608188.476599;
