0, 0 128 61462.863943;
1, 200 0 61662.863943;
2, 920 128 62582.863943;
3, 180 0 62762.863943;
4, 30 128 62792.863943;
5, 270 0 63062.863943;
6, 80 128 63142.863943;
7, 120 0 63262.863943;
8, 79070 128 142332.863943;
9, 120 0 142452.863943;
10, 70 128 142522.863943;
11, 110 0 142632.863943;
12, 30 128 142662.863943;
13, 110 0 142772.863943;
14, 50 128 142822.863943;
15, 170 0 142992.863943;
16, 164390 128 307382.863943;
17, 150 0 307532.863943;
18, 70 128 307602.863943;
19, 120 0 307722.863943;
20, 60 128 307782.863943;
21, 110 0 307892.863943;
22, 4170 128 312062.863943;
23, 120 0 312182.863943;
24, 40 128 312222.863943;
25, 120 0 312342.863943;
26, 40 128 312382.863943;
27, 100 0 312482.863943;
28, 2200 128 314682.863943;
29, 140 0 314822.863943;
30, 60 128 314882.863943;
31, 120 0 315002.863943;
32, 60 128 315062.863943;
33, 90 0 315152.863943;
34, 50 128 315202.863943;
35, 100 0 315302.863943;
36, 60 128 315362.863943;
37, 110 0 315472.863943;
38, 70 128 315542.863943;
39, 130 0 315672.863943;
40, 40 128 315712.863943;
41, 120 0 315832.863943;
42, 60 128 315892.863943;
43, 100 0 315992.863943;
44, 280 128 316272.863943;
45, 80 0 316352.863943;
46, 1470 128 317822.863943;
47, 160 0 317982.863943;
48, 50 128 318032.863943;
49, 130 0 318162.863943;
50, 40 128 318202.863943;
51, 90 0 318292.863943;
52, 120 128 318412.863943;
53, 50 0 318462.863943;
54, 3450 128 321912.863943;
55, 190 0 322102.863943;
56, 3550 128 325652.863943;
57, 130 0 325782.863943;
58, 80 128 325862.863943;
59, 260 0 326122.863943;
60, 70 128 326192.863943;
61, 110 0 326302.863943;
62, 120 128 326422.863943;
63, 120 0 326542.863943;
64, 40 128 326582.863943;
65, 100 0 326682.863943;
66, 60 128 326742.863943;
67, 50 0 326792.863943;
68, 60 128 326852.863943;
69, 90 0 326942.863943;
70, 1620 128 328562.863943;
71, 70 0 328632.863943;
72, 80 128 328712.863943;
73, 270 0 328982.863943;
74, 50 128 329032.863943;
75, 100 0 329132.863943;
76, 70 128 329202.863943;
77, 50 0 329252.863943;
78, 70 128 329322.863943;
79, 90 0 329412.863943;
80, 50 128 329462.863943;
81, 80 0 329542.863943;
82, 80 128 329622.863943;
83, 90 0 329712.863943;
84, 3250 128 332962.863943;
85, 140 0 333102.863943;
86, 50 128 333152.863943;
87, 100 0 333252.863943;
88, 60 128 333312.863943;
89, 70 0 333382.863943;
90, 60 128 333442.863943;
91, 70 0 333512.863943;
92, 5000 128 338512.863943;
93, 120 0 338632.863943;
94, 70 128 338702.863943;
95, 260 0 338962.863943;
96, 1260 128 340222.863943;
97, 140 0 340362.863943;
98, 90 128 340452.863943;
99, 50 0 340502.863943;
100, 1760 128 342262.863943;
101, 120 0 342382.863943;
102, 90 128 342472.863943;
103, 100 0 342572.863943;
104, 80 128 342652.863943;
105, 110 0 342762.863943;
106, 80 128 342842.863943;
107, 120 0 342962.863943;
108, 50 128 343012.863943;
109, 130 0 343142.863943;
110, 3870 128 347012.863943;
111, 130 0 347142.863943;
112, 70 128 347212.863943;
113, 130 0 347342.863943;
114, 70 128 347412.863943;
115, 190 0 347602.863943;
116, 570 128 348172.863943;
117, 150 0 348322.863943;
118, 140 128 348462.863943;
119, 190 0 348652.863943;
120, 3530 128 352182.863943;
121, 160 0 352342.863943;
122, 50 128 352392.863943;
123, 130 0 352522.863943;
124, 40 128 352562.863943;
125, 70 0 352632.863943;
126, 60 128 352692.863943;
127, 50 0 352742.863943;
128, 60 128 352802.863943;
129, 80 0 352882.863943;
130, 60 128 352942.863943;
131, 240 0 353182.863943;
132, 40 128 353222.863943;
133, 100 0 353322.863943;
134, 20 128 353342.863943;
135, 100 0 353442.863943;
136, 80 128 353522.863943;
137, 100 0 353622.863943;
138, 50 128 353672.863943;
139, 140 0 353812.863943;
140, 90 128 353902.863943;
141, 120 0 354022.863943;
142, 40 128 354062.863943;
143, 120 0 354182.863943;
144, 900 128 355082.863943;
145, 70 0 355152.863943;
146, 12470 128 367622.863943;
147, 270 0 367892.863943;
148, 60 128 367952.863943;
149, 90 0 368042.863943;
150, 70 128 368112.863943;
151, 30 0 368142.863943;
152, 110 128 368252.863943;
153, 110 0 368362.863943;
154, 5880 128 374242.863943;
155, 120 0 374362.863943;
156, 70 128 374432.863943;
157, 90 0 374522.863943;
158, 70 128 374592.863943;
159, 110 0 374702.863943;
160, 670 128 375372.863943;
161, 160 0 375532.863943;
162, 60 128 375592.863943;
163, 150 0 375742.863943;
164, 50 128 375792.863943;
165, 130 0 375922.863943;
166, 90 128 376012.863943;
167, 60 0 376072.863943;
168, 500 128 376572.863943;
169, 160 0 376732.863943;
170, 80 128 376812.863943;
171, 130 0 376942.863943;
172, 640 128 377582.863943;
173, 130 0 377712.863943;
174, 50 128 377762.863943;
175, 120 0 377882.863943;
176, 40 128 377922.863943;
177, 210 0 378132.863943;
178, 80 128 378212.863943;
179, 90 0 378302.863943;
180, 8330 128 386632.863943;
181, 40 0 386672.863943;
182, 2770 128 389442.863943;
183, 90 0 389532.863943;
184, 80 128 389612.863943;
185, 70 0 389682.863943;
186, 90 128 389772.863943;
187, 260 0 390032.863943;
188, 8010 128 398042.863943;
189, 110 0 398152.863943;
190, 50 128 398202.863943;
191, 100 0 398302.863943;
192, 70 128 398372.863943;
193, 100 0 398472.863943;
194, 10 128 398482.863943;
195, 130 0 398612.863943;
196, 70 128 398682.863943;
197, 110 0 398792.863943;
198, 50 128 398842.863943;
199, 120 0 398962.863943;
200, 610 128 399572.863943;
201, 50 0 399622.863943;
202, 90 128 399712.863943;
203, 140 0 399852.863943;
204, 70 128 399922.863943;
205, 140 0 400062.863943;
206, 70 128 400132.863943;
207, 100 0 400232.863943;
208, 240 128 400472.863943;
209, 130 0 400602.863943;
210, 21030 128 421632.863943;
211, 260 0 421892.863943;
212, 106514 128 528407.203699;
213, 40 0 528447.203699;
214, 140 128 528587.203699;
215, 110 0 528697.203699;
216, 60 128 528757.203699;
217, 110 0 528867.203699;
218, 30 128 528897.203699;
219, 100 0 528997.203699;
220, 9812 128 538810.523307;
221, 100 0 538910.523307;
222, 70 128 538980.523307;
223, 130 0 539110.523307;
224, 30 128 539140.523307;
225, 180 0 539320.539034;
226, 130 128 539450.539034;
227, 260 0 539710.539034;
228, 10640 128 550353.061872;
229, 50 0 550403.061872;
230, 3925 128 554325.204879;
231, 180 0 554505.204879;
232, 70 128 554575.204879;
233, 290 0 554865.204879;
234, 40 128 554905.204879;
235, 100 0 555009.438822;
236, 90 128 555099.438822;
237, 90 0 555189.438822;
238, 60 128 555249.438822;
239, 90 0 555339.438822;
240, 50 128 555389.438822;
241, 120 0 555509.438822;
242, 60 128 555569.438822;
243, 130 0 555699.438822;
244, 100 128 555799.438822;
245, 170 0 555969.438822;
246, 70 128 556039.438822;
247, 185 0 556220.525796;
248, 70 128 556290.525796;
249, 150 0 556440.525796;
250, 40 128 556480.532734;
251, 140 0 556620.532734;
252, 60 128 556680.532734;
253, 120 0 556800.532734;
254, 50 128 556850.532734;
255, 100 0 556950.532734;
256, 70 128 557020.532734;
257, 80 0 557100.532734;
258, 1800 128 558900.532734;
259, 110 0 559010.532734;
260, 120 128 559130.690329;
261, 180 0 559310.690329;
262, 90 128 559400.690329;
263, 120 0 559520.690329;
264, 170 128 559690.690329;
265, 70 0 559760.690329;
266, 19543 128 579303.654109;
267, 50 0 579353.654109;
268, 130 128 579483.654109;
269, 80 0 579563.654109;
270, 80 128 579643.654109;
271, 100 0 579743.654109;
272, 40 128 579783.654109;
273, 100 0 579883.654109;
274, 10753 128 590640.452333;
275, 70 0 590710.452333;
276, 290 128 591000.452333;
277, 10 0 591010.452333;
