0, 0 128 354862.863943;
1, 90 0 354952.863943;
2, 830 128 355782.863943;
3, 60 0 355842.863943;
4, 90 128 355932.863943;
5, 90 0 356022.863943;
6, 70 128 356092.863943;
7, 350 0 356442.863943;
8, 13740 128 370182.863943;
9, 120 0 370302.863943;
10, 130 128 370432.863943;
11, 150 0 370582.863943;
12, 130 128 370712.863943;
13, 120 0 370832.863943;
14, 18660 128 389492.863943;
15, 80 0 389572.863943;
16, 135424 128 524997.203699;
17, 60 0 525057.203699;
18, 250 128 525307.203699;
19, 90 0 525397.203699;
